2.4387104511260986
2.4364700317382812
2.432373523712158
2.431842803955078
2.427598714828491
2.435866117477417
2.4330945014953613
2.427420139312744
2.4291374683380127
2.422173261642456
2.423654556274414
2.4312620162963867
2.4138431549072266
2.428436279296875
2.412782907485962
2.4196362495422363
2.415935516357422
2.4165797233581543
2.4057862758636475
2.40975022315979
2.414043664932251
2.4134271144866943
2.227522611618042
2.220366954803467
2.2095532417297363
2.192694902420044
2.1927177906036377
2.1872828006744385
2.1949052810668945
2.1858699321746826
2.1720199584960938
2.1696982383728027
2.1758739948272705
2.1758182048797607
2.169684648513794
2.164156198501587
2.1662025451660156
2.158529043197632
2.16355562210083
2.1592483520507812
2.1567862033843994
2.173273801803589
2.161285877227783
2.1600053310394287
2.1572647094726562
2.1664414405822754
2.1508054733276367
2.1520333290100098
2.1513211727142334
2.158215284347534
2.1593453884124756
2.1546263694763184
2.1592307090759277
2.155580997467041
2.1517515182495117
2.1562185287475586
2.1641950607299805
2.167590856552124
2.152754783630371
2.1585731506347656
2.172576904296875
2.157627820968628
2.1672756671905518
2.164646863937378
2.1634998321533203
2.1785175800323486
2.172271251678467
2.1862733364105225
2.187612533569336
2.1835126876831055
2.181706428527832
2.1899611949920654
2.2170488834381104
2.20046067237854
2.2106409072875977
2.2106571197509766
2.230376958847046
2.4986162185668945
2.4807071685791016
2.4895386695861816
2.492319107055664
2.47666072845459
2.491067886352539
2.4939515590667725
2.4824280738830566
2.485048770904541
2.4896738529205322
2.489290714263916
2.491494655609131
2.3554155826568604
2.361008882522583
2.3591315746307373
2.3474032878875732
2.364000082015991
2.3549718856811523
2.352494716644287
2.3477184772491455
2.3571183681488037
2.3529105186462402
2.342393159866333
2.3513593673706055
2.357067584991455
2.3497843742370605
2.357844829559326
2.3513410091400146
2.348331928253174
2.348090410232544
2.3497767448425293
2.3358469009399414
2.359565258026123
2.336425542831421
2.3435325622558594
2.348926305770874
2.353818893432617
2.3422505855560303
2.3415684700012207
2.3447508811950684
2.3468165397644043
2.3446950912475586
2.3433642387390137
2.3487353324890137
2.341981887817383
2.341519594192505
2.355380058288574
2.3969290256500244
2.4012460708618164
2.445589542388916
2.4842331409454346
2.5329620838165283
2.597928285598755
2.6315863132476807
2.637808084487915
2.6947405338287354
2.753218650817871
2.801548957824707
13.20141315460205
13.203227043151855
13.203953742980957
13.21455192565918
13.192742347717285
13.147462844848633
13.152570724487305
13.776020050048828
14.05700397491455
14.062154769897461
14.489453315734863
14.957443237304688
14.955471992492676
15.66248893737793
15.828644752502441
15.83464241027832
16.72072410583496
16.719091415405273
24.98958396911621
24.993967056274414
24.987594604492188
24.989660263061523
24.98326873779297
24.984943389892578
24.97681999206543
24.98867416381836
24.978607177734375
24.96799659729004
17.19501304626465
17.18803596496582
17.19506072998047
17.185426712036133
17.182756423950195
17.311933517456055
17.307336807250977
17.306114196777344
17.305917739868164
17.312355041503906
17.29660415649414
17.30741310119629
17.31389808654785
17.291837692260742
17.179866790771484
17.17997932434082
17.181873321533203
17.185550689697266
17.183679580688477
24.95750617980957
24.951522827148438
24.946712493896484
24.945581436157227
24.94699478149414
24.951353073120117
24.94989585876465
24.949968338012695
24.9473934173584
24.94504737854004
24.950115203857422
24.94901466369629
24.944244384765625
24.941068649291992
24.952964782714844
24.94695281982422
24.950103759765625
24.944963455200195
24.954113006591797
24.942363739013672
24.950603485107422
24.96082878112793
24.960128784179688
24.96625328063965
24.955135345458984
24.96084213256836
24.955366134643555
24.964200973510742
24.963298797607422
24.963565826416016
24.96514892578125
24.96548080444336
24.960115432739258
24.970378875732422
24.968896865844727
24.97184181213379
24.967041015625
24.98168182373047
24.968700408935547
24.978567123413086
24.98297691345215
24.978652954101562
24.983816146850586
24.99335289001465
24.98354721069336
24.98834991455078
24.991134643554688
24.9897518157959
25.001474380493164
24.996646881103516
25.001544952392578
25.008169174194336
25.00899314880371
25.009462356567383
25.021806716918945
25.010435104370117
25.02001190185547
25.01752281188965
25.032474517822266
25.02620506286621
25.03522491455078
25.0242862701416
16.746870040893555
16.632469177246094
15.853564262390137
15.861618995666504
15.834120750427246
14.981368064880371
14.983266830444336
14.890402793884277
14.612140655517578
14.606608390808105
14.08244800567627
14.096193313598633
14.020413398742676
13.71790885925293
13.184475898742676
13.18472671508789
13.187655448913574
13.18972110748291
13.196809768676758
13.19915771484375
13.258339881896973
13.24770450592041
13.247422218322754
13.255335807800293
13.25889778137207
14.59984302520752
14.332066535949707
14.172985076904297
14.076872825622559
13.883776664733887
13.732410430908203
13.56118106842041
13.388877868652344
13.28724193572998
13.289454460144043
13.297479629516602
13.29410171508789
13.289770126342773
13.289139747619629
13.30689811706543
13.306615829467773
13.30586051940918
13.267801284790039
13.247565269470215
13.258880615234375
25.24586296081543
25.248634338378906
25.016590118408203
24.940547943115234
24.929157257080078
24.930435180664062
24.95111846923828
24.992523193359375
25.295217514038086
25.312114715576172
25.311092376708984
25.325031280517578
25.328771591186523
25.334888458251953
25.344945907592773
25.351226806640625
25.36659049987793
25.369462966918945
25.37476921081543
25.376672744750977
25.38587188720703
25.396326065063477
25.39931869506836
25.414350509643555
25.4126033782959
25.425020217895508
25.42530632019043
25.440349578857422
25.442733764648438
25.453866958618164
25.467269897460938
6.809091567993164
6.814104080200195
6.821188449859619
6.81033992767334
6.819398403167725
6.773383617401123
6.728762626647949
6.686975002288818
6.622176647186279
6.53173828125
6.492776393890381
6.449134349822998
6.407796382904053
6.361719131469727
6.3365478515625
6.2942070960998535
6.259524345397949
6.223862648010254
6.1735711097717285
5.960758209228516
5.9459710121154785
5.940494537353516
5.953623294830322
5.953007221221924
5.952033042907715
5.9349799156188965
5.900171279907227
5.868072986602783
5.841823577880859
5.8014302253723145
5.769623279571533
5.730288505554199
5.673102855682373
5.608570575714111
5.575850486755371
5.548666954040527
5.521994590759277
5.486419677734375
5.462224006652832
5.454323768615723
5.416653633117676
5.379631519317627
5.356220722198486
5.3336358070373535
5.106116771697998
5.090081214904785
5.08871603012085
5.0935516357421875
5.09954309463501
5.095548629760742
5.095706462860107
5.059914588928223
5.039508819580078
5.016448497772217
4.961014270782471
4.941661834716797
4.909167766571045
4.891997337341309
4.873538494110107
4.859276294708252
4.810807228088379
4.7830281257629395
4.769077777862549
4.746272563934326
4.739180564880371
4.70473051071167
4.668202877044678
4.649595260620117
4.626570224761963
4.615741729736328
4.607738971710205
4.563316345214844
4.538600444793701
4.5281243324279785
4.508137226104736
4.47539758682251
4.454568862915039
4.43813943862915
4.419164657592773
4.404435157775879
4.248734951019287
4.228578567504883
4.240867614746094
4.244248390197754
4.239607810974121
4.24548864364624
4.24732780456543
4.250856399536133
4.253790378570557
4.23227596282959
4.217741966247559
4.2018961906433105
4.17755651473999
4.168754577636719
4.153937816619873
4.1274309158325195
4.1082048416137695
4.091900825500488
4.093060493469238
4.071833610534668
4.0480217933654785
4.03118896484375
4.012209415435791
3.987621545791626
3.9758830070495605
3.962432384490967
3.936352491378784
3.904899835586548
3.8941409587860107
3.8621437549591064
3.8465042114257812
3.843733549118042
3.8317949771881104
3.8074378967285156
3.7946252822875977
3.7825536727905273
3.7624242305755615
3.7678468227386475
3.7655951976776123
3.7579147815704346
3.739323377609253
3.7035629749298096
3.7092700004577637
3.695829153060913
3.6734635829925537
3.662226438522339
3.6599948406219482
3.6449103355407715
3.6159720420837402
3.613596200942993
3.59708571434021
3.5846593379974365
3.5585415363311768
3.555206060409546
3.4181292057037354
3.401357650756836
3.3962419033050537
3.3924014568328857
3.37965989112854
3.387197732925415
3.392643451690674
3.3887534141540527
3.3988144397735596
3.3983936309814453
3.392531633377075
3.402576446533203
3.4071929454803467
3.406733274459839
3.410836696624756
3.4049816131591797
3.422153949737549
3.425978660583496
3.422175645828247
3.417618751525879
3.431137800216675
3.4292643070220947
3.43259859085083
3.4351673126220703
3.4319307804107666
3.4413464069366455
3.4464080333709717
3.5020148754119873
3.501898765563965
3.5018861293792725
3.521733283996582
3.514444351196289
3.5220131874084473
3.514376163482666
3.5284078121185303
3.5173728466033936
3.5246920585632324
3.543961524963379
3.528795003890991
3.5295276641845703
3.902277708053589
3.905766725540161
3.894899606704712
3.8774821758270264
3.8771162033081055
3.853616952896118
3.8502466678619385
3.8340725898742676
3.8171544075012207
3.807725191116333
3.8070895671844482
3.786242723464966
3.7935585975646973
3.7599291801452637
3.762505292892456
3.737165927886963
3.720085620880127
3.715825080871582
3.70737624168396
3.694913148880005
3.695829391479492
3.6854686737060547
3.6685380935668945
3.647590160369873
3.652060031890869
3.643375873565674
3.6279993057250977
3.618211507797241
3.634669303894043
3.629937171936035
3.628727674484253
3.629072904586792
3.6349024772644043
3.637115001678467
3.646456003189087
3.6428074836730957
3.6500167846679688
3.6426985263824463
3.649184226989746
3.6540911197662354
3.6597821712493896
3.6674015522003174
3.67466139793396
3.671225070953369
3.6830685138702393
3.682415008544922
3.6790103912353516
3.6892733573913574
3.6961538791656494
3.696959972381592
3.6920948028564453
3.7037205696105957
3.7031683921813965
3.713719367980957
3.720736503601074
3.6805641651153564
3.675685167312622
3.6719677448272705
3.662590980529785
3.6760458946228027
3.6826627254486084
3.6790997982025146
3.676011562347412
3.687549114227295
3.69580078125
7.98409366607666
7.980510711669922
7.988366603851318
7.9911088943481445
7.999803066253662
7.971010684967041
7.956498622894287
7.941428184509277
7.921876430511475
7.899511337280273
7.8836517333984375
7.873420715332031
7.845416069030762
7.824825286865234
7.817485332489014
7.784396171569824
7.775293827056885
7.7570037841796875
7.7323713302612305
7.717287540435791
7.706484794616699
7.676947593688965
7.6675705909729
7.653555393218994
7.639528274536133
7.602771282196045
7.595472812652588
7.583597183227539
7.585877418518066
7.552581310272217
7.536144256591797
7.5242133140563965
7.5049614906311035
7.489461421966553
7.481901168823242
7.452258586883545
7.4423699378967285
7.425851345062256
7.391434669494629
7.388910293579102
7.386253833770752
7.357104778289795
7.345573902130127
7.265142440795898
7.2549052238464355
7.2599992752075195
7.263748645782471
7.272579193115234
7.275207042694092
7.265400409698486
7.253756046295166
7.223540782928467
7.217334747314453
7.201349258422852
7.2021942138671875
7.163922309875488
7.156736373901367
7.146957874298096
7.132079124450684
7.113900661468506
7.104568958282471
7.0881781578063965
7.06443452835083
7.058109283447266
7.054675579071045
7.028642177581787
7.017020225524902
6.9898762702941895
6.973390579223633
6.963979721069336
6.959687232971191
6.946423530578613
6.921515941619873
6.908456802368164
6.892458915710449
6.895877838134766
6.877952575683594
6.871291637420654
6.8672919273376465
6.84934663772583
6.827784061431885
6.8286452293396
6.814603328704834
6.807229042053223
6.789015293121338
6.789130210876465
6.755191802978516
6.751870155334473
6.736108303070068
6.722482681274414
6.70339822769165
6.700651168823242
6.699784278869629
6.676965713500977
6.587749481201172
6.577250003814697
6.572042465209961
6.58365535736084
6.592714309692383
6.599759101867676
6.5750651359558105
6.565524101257324
6.56707763671875
6.547115325927734
6.541147232055664
6.522791862487793
6.503260135650635
6.509950160980225
6.4891839027404785
6.482539176940918
6.459020137786865
6.450944900512695
6.432231426239014
6.424386024475098
6.410179138183594
6.414222240447998
6.394772529602051
6.382038593292236
6.377570629119873
6.370558738708496
6.365158557891846
6.345940113067627
6.347594738006592
6.3228373527526855
6.303828239440918
6.303887844085693
6.296489715576172
6.286657810211182
6.277524471282959
6.257240295410156
6.250547409057617
6.246639251708984
6.2294721603393555
6.232618808746338
6.2274956703186035
6.210992813110352
6.202419757843018
6.18671989440918
6.181669235229492
6.170590400695801
6.166293144226074
6.158836364746094
6.136029243469238
6.132530689239502
6.129950523376465
6.116282939910889
6.103573322296143
6.095195293426514
6.091113567352295
6.073163032531738
6.07771110534668
6.058225154876709
6.055760860443115
6.0404462814331055
6.019794940948486
6.023862838745117
6.01625394821167
5.9510602951049805
5.942999839782715
5.929886341094971
5.938348293304443
5.938131332397461
5.955580711364746
5.963992595672607
5.981923580169678
5.954073905944824
5.943276882171631
5.930270195007324
5.923153877258301
5.921956539154053
5.90623664855957
5.914358139038086
5.894454002380371
5.8981451988220215
5.884434223175049
5.877244472503662
5.867485523223877
5.86641263961792
5.855646133422852
5.841155052185059
5.834174156188965
5.822386264801025
5.828786373138428
5.806700229644775
5.805978775024414
5.796535015106201
5.7815423011779785
5.765725135803223
5.7724223136901855
5.758846282958984
5.752978801727295
5.7430949211120605
5.71359920501709
5.724073886871338
5.711251735687256
5.709300518035889
5.6982855796813965
5.693769454956055
5.685613632202148
5.680964469909668
5.677431106567383
5.657027244567871
5.6598639488220215
5.642709732055664
5.632409572601318
5.6318745613098145
5.617588043212891
5.629034519195557
5.636248588562012
5.622767925262451
5.608396053314209
5.607169151306152
5.602466583251953
5.589695930480957
5.582265377044678
5.583689212799072
5.5747199058532715
5.562987804412842
5.556050777435303
5.548573017120361
5.545461177825928
5.541409969329834
5.537728786468506
5.531174659729004
5.51938533782959
5.515223026275635
5.5046210289001465
5.500159740447998
5.490204811096191
5.481801986694336
5.488211631774902
5.476484775543213
5.464994430541992
5.4649739265441895
5.454482555389404
5.440622329711914
5.445699214935303
5.370084762573242
5.372717380523682
5.357539653778076
5.3574604988098145
5.358984470367432
5.37946891784668
5.394739627838135
5.406222343444824
5.417028903961182
5.435807704925537
5.449285984039307
5.469321250915527
5.464484214782715
5.570308685302734
5.584949016571045
5.794954299926758
5.788504600524902
5.778997421264648
5.76842737197876
5.768296718597412
5.767971992492676
5.750606060028076
5.757389068603516
5.740291595458984
5.734984397888184
5.727583885192871
5.74601411819458
5.757177829742432
5.771020889282227
5.7758331298828125
5.7968878746032715
5.822290420532227
5.827295303344727
5.855860233306885
5.863352298736572
5.865634918212891
5.882641315460205
8.754793167114258
5.8589396476745605
5.853433132171631
5.853477478027344
5.862805366516113
5.893546104431152
5.882401943206787
8.707881927490234
8.684743881225586
8.681045532226562
8.671893119812012
8.645390510559082
8.655142784118652
8.657265663146973
8.637179374694824
8.628127098083496
8.620854377746582
8.617874145507812
8.61340045928955
8.606616973876953
8.593515396118164
8.586278915405273
8.578458786010742
8.567073822021484
8.562514305114746
8.546974182128906
8.555610656738281
8.548393249511719
8.525636672973633
8.538043975830078
8.512011528015137
8.501412391662598
8.49728012084961
8.5031156539917
8.493208885192871
8.474952697753906
8.463604927062988
8.451725006103516
8.459774017333984
8.449851036071777
8.396326065063477
8.397115707397461
8.43030834197998
8.45426082611084
8.424909591674805
8.431997299194336
8.409941673278809
8.400288581848145
8.400525093078613
8.390815734863281
8.372966766357422
8.375417709350586
8.368487358093262
8.363218307495117
8.35460376739502
8.340252876281738
8.34162712097168
8.3484468460083
8.324604034423828
8.318244934082031
8.317120552062988
8.305082321166992
8.310998916625977
8.300247192382812
8.281314849853516
8.292570114135742
8.278783798217773
8.259025573730469
8.25080680847168
8.245792388916016
8.23980712890625
8.233509063720703
8.223920822143555
8.2218656539917
8.219320297241211
8.213951110839844
8.211971282958984
8.185091018676758
8.203950881958008
8.19392204284668
8.195316314697266
8.186257362365723
8.17835521697998
8.17602252960205
8.160368919372559
8.171792984008789
8.15062141418457
8.144367218017578
8.140949249267578
8.134666442871094
8.1362886428833
8.134960174560547
8.120027542114258
8.112578392028809
8.111091613769531
8.101048469543457
8.102017402648926
8.089094161987305
8.082625389099121
8.078665733337402
8.074586868286133
8.074734687805176
8.072647094726562
8.0064058303833
8.003329277038574
8.009580612182617
8.013076782226562
7.313994407653809
7.31237268447876
7.2940449714660645
7.304104804992676
7.291219234466553
7.287470817565918
7.284133434295654
7.274597644805908
7.269128799438477
7.265791893005371
7.260204315185547
7.256112575531006
7.2570109367370605
7.241150856018066
7.246554851531982
7.248701572418213
7.24091911315918
7.226701259613037
7.232080936431885
7.221188068389893
7.217611789703369
7.218050003051758
7.215197563171387
7.199151039123535
7.198511600494385
7.1976094245910645
7.197447776794434
7.186805725097656
7.180673599243164
7.173630237579346
7.174190044403076
7.163923263549805
7.1782941818237305
7.162503719329834
7.160551071166992
7.160595893859863
7.162796497344971
7.148373603820801
7.132421016693115
7.139342308044434
7.174236297607422
7.171389102935791
7.219990253448486
7.529036045074463
7.5094523429870605
7.5047712326049805
7.515264987945557
7.5149006843566895
7.514173984527588
7.500164985656738
7.523837566375732
7.52140998840332
7.565742492675781
7.616205215454102
11.504718780517578
11.497993469238281
11.499268531799316
11.496155738830566
11.493902206420898
11.48666763305664
11.45040225982666
11.43729305267334
11.440142631530762
11.42701530456543
11.425294876098633
11.42265510559082
11.411320686340332
11.409113883972168
11.410908699035645
11.478991508483887
11.811110496520996
11.891629219055176
11.88081169128418
11.17184066772461
11.142714500427246
11.126108169555664
11.11501407623291
11.116910934448242
11.104732513427734
11.108059883117676
11.110097885131836
11.117399215698242
11.123883247375488
11.142573356628418
12.7509765625
12.840506553649902
12.941787719726562
12.942368507385254
13.037423133850098
13.12644100189209
13.23089599609375
13.339470863342285
13.34067440032959
13.439118385314941
13.538931846618652
13.650084495544434
13.758702278137207
13.753730773925781
13.854392051696777
13.97005558013916
14.078845024108887
14.19428539276123
14.311445236206055
14.316496849060059
14.438024520874023
14.550384521484375
14.68399429321289
14.802013397216797
14.798990249633789
14.934834480285645
15.06512451171875
15.192123413085938
15.322757720947266
15.328085899353027
15.45192813873291
15.599299430847168
15.749772071838379
15.837770462036133
15.833484649658203
15.847464561462402
15.839667320251465
15.987325668334961
16.490968704223633
16.64729118347168
16.63856315612793
16.81022834777832
16.965057373046875
14.53072738647461
14.510791778564453
14.507342338562012
14.515950202941895
14.506361961364746
14.494569778442383
14.492125511169434
14.4812593460083
14.484149932861328
14.487170219421387
14.485658645629883
14.47277545928955
14.463858604431152
14.470128059387207
14.464130401611328
14.464430809020996
14.45333480834961
14.456588745117188
14.446198463439941
14.443805694580078
14.442252159118652
14.495077133178711
14.820075035095215
14.847434997558594
14.83812141418457
21.311689376831055
21.577102661132812
21.858728408813477
22.126230239868164
22.41762351989746
22.41797637939453
22.710317611694336
23.00823211669922
23.308128356933594
23.616546630859375
23.62941551208496
23.941749572753906
24.278894424438477
24.583152770996094
24.584644317626953
25.33331298828125
25.325624465942383
21.928930282592773
21.92372703552246
21.921031951904297
21.91808319091797
21.91437339782715
21.90018081665039
21.906784057617188
21.898218154907227
21.90013313293457
21.896345138549805
21.88884735107422
21.88268280029297
21.88300895690918
21.874963760375977
21.968994140625
22.358610153198242
22.029159545898438
22.02422523498535
22.011093139648438
22.01447868347168
22.03882598876953
inf
inf
inf
inf
inf
inf
inf
inf
inf
inf
inf
inf
32.04679870605469
32.04084777832031
32.03506088256836
32.045005798339844
32.03133773803711
32.03180694580078
32.019371032714844
31.79307746887207
31.77140998840332
31.778404235839844
31.77729606628418
32.01255416870117
31.990190505981445
32.003257751464844
31.989349365234375
31.995532989501953
31.987468719482422
31.993515014648438
31.986122131347656
31.98157501220703
31.990203857421875
31.986875534057617
31.977642059326172
31.97553062438965
31.965190887451172
31.976970672607422
31.970598220825195
31.964460372924805
31.958396911621094
31.956928253173828
31.969432830810547
31.957744598388672
31.965646743774414
31.96540069580078
31.958633422851562
31.957977294921875
31.960155487060547
31.951488494873047
31.949068069458008
31.94548797607422
31.950122833251953
31.952531814575195
31.94928741455078
31.951723098754883
31.951059341430664
31.955589294433594
31.954662322998047
31.952903747558594
31.945369720458984
31.9409236907959
31.938474655151367
31.951618194580078
31.943174362182617
31.950353622436523
31.954883575439453
31.94394874572754
31.952281951904297
31.963380813598633
31.955535888671875
31.9455623626709
31.954526901245117
31.956417083740234
31.960031509399414
31.948705673217773
31.957059860229492
31.967344284057617
31.96007537841797
28.461650848388672
28.426637649536133
28.41783332824707
28.434368133544922
31.97495460510254
31.975440979003906
27.937253952026367
27.94172477722168
20.446279525756836
20.422409057617188
20.42267608642578
20.434085845947266
20.454740524291992
23.19169807434082
21.39805793762207
20.814407348632812
20.855117797851562
20.85447883605957
20.852399826049805
20.856298446655273
20.862321853637695
20.862354278564453
20.857891082763672
20.854734420776367
20.869558334350586
20.87755012512207
20.873872756958008
20.871889114379883
20.87236213684082
20.876018524169922
20.884471893310547
20.89411735534668
20.89047622680664
20.890785217285156
20.88532829284668
20.897022247314453
20.89069175720215
20.900972366333008
20.90097999572754
20.89461326599121
20.911657333374023
20.921905517578125
20.869861602783203
20.931488037109375
20.935489654541016
20.937618255615234
20.942401885986328
20.951387405395508
20.950761795043945
20.950334548950195
20.952375411987305
20.953901290893555
20.959203720092773
20.958240509033203
20.95240020751953
20.96352195739746
20.970144271850586
20.963565826416016
20.9733829498291
20.985342025756836
21.003097534179688
20.999725341796875
20.99833869934082
21.00135612487793
21.01235008239746
21.012773513793945
21.007781982421875
21.022235870361328
21.000804901123047
20.97347068786621
21.021787643432617
21.03196144104004
21.031902313232422
21.044546127319336
21.042890548706055
21.04767417907715
21.054431915283203
21.066146850585938
21.06560707092285
21.073007583618164
21.076684951782227
21.083892822265625
21.08936309814453
21.090761184692383
21.09247398376465
21.1059513092041
21.10810089111328
21.11158561706543
21.126205444335938
21.12417221069336
21.125890731811523
21.132383346557617
21.143035888671875
21.146848678588867
21.147451400756836
21.1157169342041
21.18291664123535
21.178329467773438
21.182191848754883
21.197154998779297
21.18692398071289
21.22496223449707
21.20294952392578
21.214628219604492
21.231670379638672
21.241392135620117
21.237634658813477
21.240327835083008
21.249902725219727
21.245336532592773
21.259502410888672
21.252132415771484
21.27785301208496
21.281553268432617
21.29501724243164
21.305152893066406
21.307819366455078
21.311620712280273
21.32925796508789
21.3315486907959
21.33698844909668
22.781869888305664
21.281129837036133
22.48407554626465
22.34626579284668
22.197065353393555
22.05397605895996
21.90963363647461
21.778940200805664
21.63754653930664
21.387577056884766
21.255170822143555
21.128416061401367
20.992895126342773
20.88771629333496
20.757736206054688
20.63035011291504
20.510623931884766
20.397647857666016
20.283451080322266
20.0446834564209
19.938791275024414
19.83818244934082
19.730377197265625
19.611478805541992
19.515274047851562
19.403301239013672
19.308103561401367
19.204885482788086
19.001710891723633
18.907264709472656
18.80999183654785
18.714494705200195
18.61925506591797
18.52490997314453
18.42844581604004
18.346595764160156
18.175233840942383
18.075204849243164
17.992584228515625
17.91529655456543
17.83222198486328
17.736103057861328
17.573421478271484
17.49016761779785
17.416444778442383
17.33441734313965
17.250925064086914
17.18103790283203
17.026323318481445
16.9555721282959
15.688772201538086
15.650062561035156
15.630661010742188
15.627619743347168
15.618013381958008
15.619365692138672
15.625085830688477
15.647709846496582
15.685894966125488
16.11229705810547
16.05738067626953
15.992444038391113
15.931005477905273
15.859380722045898
15.732670783996582
15.67243480682373
15.624887466430664
15.54588794708252
15.490721702575684
15.376973152160645
15.318997383117676
15.264961242675781
15.207627296447754
15.097981452941895
15.041337013244629
14.983704566955566
14.928378105163574
14.82917594909668
14.782059669494629
14.712979316711426
14.673575401306152
14.583449363708496
14.518343925476074
14.4694185256958
14.423236846923828
14.320648193359375
14.278386116027832
14.221086502075195
14.137155532836914
14.094961166381836
14.055273056030273
14.001984596252441
13.912571907043457
13.86893367767334
13.818061828613281
13.73530101776123
13.698358535766602
13.64993953704834
13.561904907226562
13.526363372802734
13.482816696166992
13.45010757446289
13.369132041931152
13.331892967224121
13.288304328918457
13.210914611816406
13.167153358459473
13.136584281921387
13.060638427734375
13.024102210998535
12.95053482055664
12.908255577087402
12.875544548034668
12.800761222839355
12.780499458312988
12.735358238220215
12.664909362792969
12.630370140075684
12.5659761428833
12.537145614624023
12.509232521057129
12.440478324890137
12.415740966796875
12.373040199279785
12.32030200958252
12.277297019958496
12.224589347839355
12.196393966674805
12.124650955200195
12.102412223815918
12.076929092407227
12.011384010314941
11.980626106262207
11.923843383789062
11.886709213256836
11.835590362548828
11.81350040435791
11.753097534179688
11.727165222167969
11.70120620727539
11.630585670471191
11.620949745178223
11.55825424194336
11.546932220458984
11.501985549926758
11.462103843688965
11.413331031799316
11.389153480529785
11.341665267944336
11.319543838500977
11.268516540527344
11.241945266723633
11.194990158081055
11.17662525177002
11.135759353637695
11.11082649230957
11.051074981689453
11.019047737121582
10.989546775817871
10.952552795410156
10.937694549560547
10.88832950592041
10.874770164489746
10.820321083068848
10.781126022338867
10.767597198486328
10.722330093383789
10.70462417602539
10.659287452697754
10.643091201782227
10.599034309387207
10.564139366149902
10.53781509399414
10.492293357849121
10.478020668029785
10.440464973449707
10.408689498901367
10.380718231201172
10.350379943847656
10.326141357421875
10.286310195922852
10.26596450805664
10.242292404174805
10.198813438415527
10.181343078613281
10.138703346252441
10.110389709472656
10.085453987121582
10.06147575378418
10.033185005187988
10.014801025390625
9.975137710571289
9.961065292358398
9.920209884643555
9.901900291442871
9.867855072021484
9.843157768249512
9.814352035522461
9.795473098754883
9.754362106323242
9.74140739440918
9.701409339904785
9.690459251403809
9.66159439086914
9.637643814086914
9.62087631225586
9.580597877502441
9.57328987121582
9.532057762145996
9.525053977966309
9.477728843688965
9.46265983581543
9.429435729980469
9.418089866638184
9.397967338562012
9.359418869018555
9.343850135803223
9.316014289855957
9.304360389709473
9.28470516204834
9.257513046264648
9.233026504516602
9.188972473144531
9.18848991394043
9.160689353942871
9.123082160949707
9.118688583374023
9.099205017089844
9.066691398620605
9.057879447937012
9.025136947631836
9.003833770751953
8.983909606933594
8.947559356689453
8.944018363952637
8.926109313964844
8.896879196166992
8.874074935913086
8.87580680847168
8.833349227905273
8.818977355957031
8.795875549316406
8.790608406066895
8.75436782836914
8.739789009094238
8.720480918884277
8.699172973632812
8.6792573928833
8.66615104675293
8.628006935119629
8.625524520874023
8.601200103759766
8.586272239685059
8.565963745117188
8.539445877075195
8.53239631652832
8.502762794494629
8.485649108886719
8.476360321044922
8.454154014587402
8.417251586914062
8.40393352508545
8.396108627319336
8.386444091796875
8.34737777709961
8.34123420715332
8.318909645080566
8.316465377807617
8.28575325012207
8.270326614379883
8.250526428222656
8.23949146270752
8.225393295288086
8.202031135559082
8.183669090270996
8.167015075683594
8.156331062316895
8.125936508178711
8.119997024536133
8.090885162353516
8.0943603515625
8.07729434967041
8.047928810119629
8.033330917358398
8.022083282470703
8.005860328674316
7.995344161987305
7.983484745025635
7.949211120605469
7.932143688201904
7.920129776000977
7.910106182098389
7.8993306159973145
7.868651866912842
7.860491752624512
7.847340106964111
7.836230754852295
7.822510719299316
7.807204723358154
7.802591323852539
7.773801803588867
7.755743980407715
7.740510940551758
7.725543022155762
7.72133731842041
7.712466716766357
7.685256481170654
7.665757179260254
7.65250825881958
7.652586460113525
7.633972644805908
7.618147850036621
7.608615875244141
7.588766098022461
7.570809841156006
7.558102607727051
7.532379627227783
7.539710998535156
7.5169901847839355
7.51044225692749
7.493879795074463
7.48289155960083
7.468879222869873
7.452301979064941
7.426270008087158
7.421865940093994
7.405450344085693
7.398231506347656
7.38247537612915
7.380531311035156
7.369574069976807
7.347461223602295
6.850925445556641
6.82051944732666
6.8045854568481445
6.7747483253479
6.77577018737793
6.7676215171813965
6.762426376342773
6.754239082336426
6.7631378173828125
6.7675089836120605
6.756310939788818
6.765308856964111
6.764854431152344
6.775051116943359
6.772862911224365
6.7852911949157715
6.801771640777588
6.807063102722168
6.823581218719482
7.103862762451172
7.0998854637146
7.080734729766846
7.063911437988281
7.059969902038574
7.046764850616455
7.0283589363098145
7.019898414611816
7.011445999145508
6.999173164367676
6.992647647857666
6.979262828826904
6.975830078125
6.960672855377197
6.9534196853637695
6.939356803894043
6.929257869720459
6.920385837554932
6.903319358825684
6.893961429595947
6.892847537994385
6.880298614501953
6.86735200881958
6.85291051864624
6.847651481628418
6.836643695831299
6.830099582672119
6.815316200256348
6.811249256134033
6.794033527374268
6.772319793701172
6.775411605834961
6.763412952423096
6.757180690765381
6.74412202835083
6.734360218048096
6.726563930511475
6.716829776763916
6.710062026977539
6.705394744873047
6.689540386199951
6.667200565338135
6.663496017456055
6.6536946296691895
6.652169704437256
6.640241622924805
6.631030082702637
6.618758201599121
6.606666088104248
6.604402542114258
6.585988998413086
6.58392333984375
6.5758585929870605
6.5682196617126465
6.5531721115112305
6.550112247467041
6.544923782348633
6.540410041809082
6.535488128662109
6.523563385009766
6.502249240875244
6.496938228607178
6.492238521575928
6.483734607696533
6.469374656677246
6.466532230377197
6.45376443862915
6.4500274658203125
6.443482875823975
6.41834831237793
6.409974098205566
6.408842086791992
6.4055256843566895
6.395249366760254
6.38062858581543
6.387199878692627
6.372923374176025
6.359447956085205
6.370785236358643
6.3563313484191895
6.341439247131348
6.328889846801758
6.330982685089111
6.304046630859375
6.308656692504883
6.300835132598877
6.297695636749268
6.280265808105469
6.269635200500488
6.287032604217529
6.266656875610352
6.257646560668945
6.254263401031494
6.2431640625
6.230844497680664
6.226094722747803
6.223583698272705
6.203125476837158
6.19750452041626
6.189916133880615
6.1975603103637695
6.181764602661133
6.163839340209961
6.177209854125977
6.153201103210449
6.146270751953125
6.138105869293213
6.1281514167785645
6.136167526245117
6.113131046295166
6.116451740264893
6.10691499710083
6.0948872566223145
6.088705062866211
6.086223602294922
6.0820512771606445
6.0808820724487305
6.064229965209961
6.055965900421143
6.047994136810303
6.049857139587402
6.046942234039307
6.0370635986328125
6.025772571563721
6.007076263427734
6.013438701629639
6.01009464263916
5.997748374938965
5.991304397583008
6.000331878662109
5.986265659332275
5.981014251708984
5.958209037780762
5.9616851806640625
5.963245868682861
5.941186428070068
5.951229095458984
5.94038724899292
5.9308881759643555
5.930216312408447
5.923691272735596
5.903039455413818
5.901950359344482
5.890951156616211
5.894332408905029
5.890542030334473
5.879298210144043
5.87913703918457
5.87109375
5.85826301574707
5.857265472412109
5.861933708190918
5.852109432220459
5.848677635192871
5.82699728012085
5.830334186553955
5.831121444702148
5.823292255401611
5.820976734161377
5.808856010437012
5.807178020477295
5.791862487792969
5.782514572143555
5.788320064544678
5.7763519287109375
5.768342018127441
5.768220901489258
5.767961502075195
5.7550835609436035
5.755431652069092
5.740838527679443
5.753045558929443
5.733922004699707
5.745852947235107
5.728705406188965
5.723848819732666
5.719422340393066
5.716351509094238
5.699005126953125
5.708301544189453
5.696478366851807
5.69621467590332
5.6856489181518555
5.6794939041137695
5.672789096832275
5.663571357727051
5.670370578765869
5.666421413421631
5.653229713439941
5.645277500152588
5.641078948974609
5.645596504211426
5.630753040313721
5.624903202056885
5.637461185455322
5.628403186798096
5.611828327178955
5.6196746826171875
5.612232208251953
5.602766513824463
5.5976643562316895
5.5965118408203125
5.575442314147949
5.582540512084961
5.58666467666626
5.5747761726379395
5.568935871124268
5.571409225463867
5.568709373474121
5.557873725891113
5.550601959228516
5.545158386230469
5.546701431274414
5.5389275550842285
5.52855110168457
5.525850772857666
5.539042949676514
5.520853042602539
5.521721363067627
5.521175861358643
5.507311820983887
5.508552074432373
5.496146202087402
5.5013017654418945
5.493837356567383
5.479959964752197
5.487929344177246
5.478298664093018
5.475765705108643
5.473848819732666
5.470731735229492
5.465849876403809
5.474610328674316
5.460688591003418
5.460659027099609
5.44863748550415
5.443848609924316
5.440911769866943
5.439547061920166
5.438388824462891
5.436241626739502
5.4195966720581055
5.423978805541992
5.424289226531982
5.41096830368042
5.413519382476807
5.403497219085693
5.392370700836182
5.396311283111572
5.399236679077148
5.384248733520508
5.392598628997803
5.389297962188721
5.381534099578857
5.378669261932373
5.372308731079102
5.373889923095703
5.367417335510254
5.3633131980896
5.369451999664307
5.357545375823975
5.361539840698242
5.356675624847412
5.348282337188721
5.3407301902771
5.3382568359375
5.338744163513184
5.333251953125
5.336227893829346
5.323108196258545
5.325496196746826
5.316983222961426
5.319490432739258
5.3088908195495605
5.308481693267822
5.308327674865723
5.299232006072998
5.2986159324646
5.295054912567139
5.2914228439331055
5.284003734588623
5.289688587188721
5.274498462677002
5.281945705413818
5.269700050354004
5.266615867614746
5.272400856018066
5.266241550445557
5.269280433654785
5.26302433013916
5.261817455291748
5.254989147186279
5.261142253875732
5.246974468231201
5.246496200561523
5.235259056091309
5.248805522918701
5.242994785308838
5.232969760894775
5.228048801422119
5.233975410461426
5.230154991149902
5.226719856262207
5.2129740715026855
5.219496726989746
5.21877384185791
5.205999851226807
5.2131829261779785
5.214290618896484
5.2085747718811035
5.208658218383789
5.212526798248291
5.196731090545654
5.204026699066162
5.182501316070557
5.18696403503418
5.184023380279541
5.1858930587768555
5.181667327880859
5.173982620239258
5.175989627838135
5.184915542602539
5.176450729370117
5.167393207550049
5.166743755340576
5.165190696716309
5.165990352630615
5.170705318450928
2.519547939300537
2.5141396522521973
2.513988733291626
2.4993507862091064
2.509624719619751
2.5091845989227295
2.493607521057129
2.506566286087036
2.5023999214172363
2.501028299331665
2.503023862838745
2.4998412132263184
2.5025293827056885
2.4980533123016357
2.4936745166778564
2.5001988410949707
2.4942057132720947
2.49139142036438
2.4963560104370117
2.502044916152954
2.5040667057037354
2.484912157058716
2.483610153198242
2.4841737747192383
2.483156681060791
2.484642744064331
2.4829156398773193
2.4879493713378906
2.4751193523406982
2.484779119491577
2.4811367988586426
2.477339506149292
2.488762378692627
2.4756062030792236
2.4736053943634033
2.477395534515381
2.4796900749206543
2.4710590839385986
2.4789390563964844
2.494624376296997
2.4939513206481934
2.5091552734375
2.5350711345672607
2.544041633605957
2.5372025966644287
2.547682523727417
2.535571575164795
2.5361366271972656
2.539849042892456
2.536118745803833
2.5280251502990723
2.539511203765869
2.536329746246338
2.5392420291900635
2.5324997901916504
2.5343017578125
2.5334155559539795
2.5355918407440186
2.5329222679138184
2.538421869277954
2.5250563621520996
2.5271637439727783
2.5218701362609863
2.5209550857543945
2.5236105918884277
2.533468723297119
2.5300917625427246
2.5159223079681396
2.5185742378234863
2.5206329822540283
2.5171122550964355
2.5165035724639893
2.5181453227996826
2.5178112983703613
2.5039777755737305
2.5176010131835938
2.5169858932495117
2.5177652835845947
2.5132830142974854
2.507859706878662
2.519570827484131
2.515381097793579
2.5063283443450928
2.517380475997925
2.5077919960021973
2.5073909759521484
2.5150697231292725
2.513465404510498
2.508723258972168
2.5138134956359863
2.5148401260375977
2.508265733718872
2.509547472000122
2.507654905319214
2.5011329650878906
2.4970669746398926
2.4995670318603516
2.4976658821105957
2.509535789489746
2.500908851623535
2.5013937950134277
2.5035712718963623
2.506821393966675
2.4966201782226562
2.50197434425354
2.5075480937957764
2.501213788986206
2.5024313926696777
2.49838924407959
2.497608184814453
2.499737501144409
2.500495195388794
2.499546766281128
2.4951443672180176
2.494408130645752
2.50628662109375
2.4874839782714844
2.507491111755371
2.5047123432159424
2.4925947189331055
2.499000072479248
2.491809606552124
2.494736671447754
2.496715545654297
2.4919791221618652
2.4829649925231934
2.484644651412964
2.4966630935668945
2.4910144805908203
2.5021839141845703
2.4981815814971924
2.4984331130981445
2.48915958404541
2.496957778930664
2.4880311489105225
2.486768960952759
2.4961423873901367
2.4879984855651855
2.4895095825195312
2.4856183528900146
2.4872021675109863
2.4831995964050293
2.484571933746338
2.4881060123443604
2.4858264923095703
2.4838743209838867
2.4912331104278564
2.4897403717041016
2.4912469387054443
2.4858932495117188
2.479340076446533
2.4888153076171875
2.4898335933685303
2.4859447479248047
2.493518829345703
2.4940686225891113
2.4762392044067383
2.4797911643981934
2.4885993003845215
2.4787070751190186
2.48079776763916
2.4824020862579346
2.4850358963012695
2.4809184074401855
2.49064302444458
2.4888763427734375
2.4815680980682373
2.4880893230438232
2.49410343170166
2.4808568954467773
2.4881367683410645
2.4866421222686768
2.4812533855438232
2.481935977935791
2.4774460792541504
2.475522518157959
2.485724925994873
2.4758129119873047
2.48742938041687
2.4832308292388916
2.4769070148468018
2.482208013534546
2.4782774448394775
2.4871768951416016
2.4768917560577393
2.481466293334961
2.477313995361328
2.481682300567627
2.479165554046631
2.4878151416778564
2.473015308380127
2.480416774749756
2.484114408493042
2.4845802783966064
2.4760401248931885
2.4892585277557373
2.49284029006958
2.4807004928588867
2.4861321449279785
2.4811768531799316
2.487002372741699
2.4871749877929688
2.4873342514038086
2.485783576965332
2.480067014694214
2.489745855331421
2.482083559036255
2.4840879440307617
2.482712745666504
2.4795913696289062
2.4818942546844482
2.481815814971924
2.491068124771118
2.4871928691864014
2.4817044734954834
2.4915683269500732
2.4865498542785645
2.4924633502960205
2.486268997192383
2.489990234375
2.485780954360962
2.4924917221069336
2.488865613937378
2.4794063568115234
2.491941213607788
2.4969136714935303
2.4878859519958496
2.4847733974456787
2.4919047355651855
2.4958112239837646
2.4867000579833984
2.4864892959594727
2.487220048904419
2.495713949203491
2.4891929626464844
2.4930622577667236
2.4898593425750732
2.491905450820923
2.4886703491210938
2.486771821975708
2.489992141723633
2.4876010417938232
2.4902894496917725
2.4859604835510254
2.4946835041046143
2.494495391845703
2.4859461784362793
2.498739242553711
2.492231607437134
2.4853317737579346
2.5013957023620605
2.4894442558288574
2.4920217990875244
2.502232313156128
2.4990458488464355
2.5076045989990234
2.5031495094299316
2.503145456314087
2.4975647926330566
2.4991567134857178
2.497769594192505
2.505733013153076
2.4958343505859375
2.505713939666748
2.5010018348693848
2.5019137859344482
2.4961891174316406
2.4974653720855713
2.500941514968872
2.503288507461548
2.5068061351776123
2.5062055587768555
2.509711265563965
2.5051255226135254
2.49934458732605
2.4997711181640625
2.5119783878326416
2.5123674869537354
2.5134541988372803
2.511556625366211
2.527128219604492
2.5090532302856445
2.514810085296631
2.5118703842163086
2.510545492172241
2.5170671939849854
2.5232574939727783
2.521439790725708
2.5317461490631104
2.5161969661712646
2.5162901878356934
2.5137393474578857
2.521620750427246
2.520872116088867
2.5270631313323975
2.5278584957122803
2.52266526222229
2.5270397663116455
2.5279762744903564
2.528744697570801
2.528080701828003
2.515678644180298
2.5280418395996094
2.5298500061035156
2.5284881591796875
2.5295841693878174
2.540705442428589
2.5234971046447754
2.5196824073791504
2.534334421157837
2.5342397689819336
2.5337700843811035
2.5298385620117188
2.5384039878845215
2.532322645187378
2.5423221588134766
2.5348284244537354
2.537935256958008
2.5374698638916016
2.5362496376037598
2.5364372730255127
2.5439374446868896
2.5494959354400635
2.5376594066619873
2.5447075366973877
2.5407979488372803
2.5499467849731445
2.549527168273926
2.553004026412964
2.556420087814331
2.558253526687622
2.554652690887451
2.5506908893585205
2.54586124420166
2.5489323139190674
2.5622222423553467
2.5627291202545166
2.5579376220703125
2.561722993850708
2.5628154277801514
2.55208420753479
2.5653629302978516
2.5686755180358887
2.563316822052002
2.559276580810547
2.5675580501556396
2.5713112354278564
2.559847116470337
2.568171262741089
2.5763344764709473
2.57523512840271
2.567579984664917
2.5770881175994873
2.57792592048645
2.5741634368896484
2.5703964233398438
2.5807342529296875
2.5903611183166504
2.5783040523529053
2.577415704727173
2.5750370025634766
2.5869388580322266
2.580940008163452
2.5823264122009277
2.5904438495635986
2.582798957824707
2.585983991622925
2.586780548095703
2.5837414264678955
2.5879266262054443
2.585739850997925
2.597235918045044
2.5924839973449707
2.5936155319213867
2.6043992042541504
2.6065280437469482
2.6064486503601074
2.6002132892608643
2.611611843109131
2.6075944900512695
2.600095748901367
2.6180150508880615
2.6101772785186768
2.611571788787842
2.613309383392334
2.6213624477386475
2.616119861602783
2.626941442489624
2.6220204830169678
2.62017822265625
2.623354911804199
2.625666856765747
2.6224117279052734
2.630244016647339
2.632053852081299
2.627751350402832
2.6333882808685303
2.6336095333099365
2.6342177391052246
2.6276440620422363
2.6208906173706055
2.6444661617279053
2.6366004943847656
2.6379194259643555
2.645775556564331
2.6457507610321045
2.6499626636505127
2.6505954265594482
2.6493966579437256
2.653748035430908
2.6543736457824707
2.647747755050659
2.6578187942504883
2.6581454277038574
2.655552625656128
2.6577789783477783
2.6664626598358154
2.6651227474212646
2.6637473106384277
2.6647675037384033
2.6686675548553467
2.663456439971924
2.6755502223968506
2.6726160049438477
2.680476665496826
2.681248426437378
2.675236463546753
2.686744451522827
2.6755504608154297
2.6907858848571777
2.6860768795013428
2.6845920085906982
2.6796140670776367
2.6964521408081055
2.6958670616149902
2.690661668777466
2.6899843215942383
2.688199281692505
2.6934244632720947
2.7039756774902344
2.705827474594116
2.712989091873169
2.7111892700195312
2.6974620819091797
2.7089240550994873
2.7101640701293945
2.7148571014404297
2.7123665809631348
2.7164576053619385
2.7171385288238525
2.714723825454712
2.7147672176361084
2.7178235054016113
2.726979970932007
2.7220335006713867
2.7313318252563477
2.7394187450408936
2.727602958679199
2.7404422760009766
2.74027156829834
2.7459280490875244
2.7474637031555176
2.7450740337371826
2.755038261413574
2.7437148094177246
2.76088547706604
2.756045341491699
2.7594680786132812
2.7586028575897217
2.763543128967285
2.758183240890503
2.767533779144287
2.76492977142334
2.764836549758911
2.775578022003174
2.7733919620513916
2.771240234375
2.7776999473571777
2.7785325050354004
2.7825381755828857
2.7914369106292725
2.7813448905944824
2.784463882446289
2.789762020111084
2.79202938079834
2.788501739501953
2.788969039916992
2.7979447841644287
2.8000423908233643
2.798832654953003
2.8085036277770996
2.8045737743377686
2.8055191040039062
2.812683343887329
2.8123438358306885
2.806020498275757
2.8281452655792236
2.8245699405670166
2.8266704082489014
2.830993175506592
2.8249504566192627
2.833247661590576
2.8374905586242676
2.8444104194641113
2.8386945724487305
2.8352272510528564
2.839224100112915
2.8454408645629883
2.836750030517578
2.852686882019043
2.8621296882629395
2.858057737350464
2.8560070991516113
2.855214834213257
2.8518667221069336
2.8686141967773438
2.8685035705566406
2.8718209266662598
2.8717689514160156
2.8853893280029297
2.8867883682250977
2.8935508728027344
2.8858425617218018
2.8892273902893066
2.88602352142334
2.8963382244110107
2.8988351821899414
2.9063477516174316
2.9023611545562744
2.9109721183776855
2.906771183013916
2.910067558288574
2.9144346714019775
2.912199020385742
2.9163625240325928
2.9251160621643066
2.93403697013855
2.9291648864746094
2.933398962020874
2.9311938285827637
2.9343371391296387
2.941805839538574
2.9374911785125732
2.9402518272399902
2.9384896755218506
2.963467836380005
2.9488377571105957
2.9516353607177734
2.959719181060791
2.955514430999756
2.9616942405700684
2.9654836654663086
2.9716920852661133
2.9696907997131348
2.9734647274017334
2.985961437225342
2.985041618347168
2.9783613681793213
2.9866743087768555
3.0010457038879395
2.991058588027954
3.0016918182373047
2.9974477291107178
3.0011403560638428
3.015868902206421
3.0073888301849365
3.023416519165039
3.0242316722869873
3.0264382362365723
3.021451711654663
3.0237443447113037
3.0364162921905518
3.0334458351135254
3.038379192352295
3.049164295196533
3.039924383163452
3.0509722232818604
3.0497515201568604
3.0557336807250977
3.0695879459381104
3.064781427383423
3.057631731033325
3.0676496028900146
3.0767064094543457
3.080141544342041
3.076387643814087
3.086744546890259
3.084474802017212
3.09804630279541
3.0917177200317383
3.089709520339966
3.091421127319336
3.1028401851654053
3.1147308349609375
3.112685203552246
3.120738983154297
3.123188018798828
3.128730058670044
3.132395029067993
3.1290979385375977
3.1340696811676025
3.136892080307007
3.1440494060516357
3.1466774940490723
3.155181884765625
3.1530094146728516
3.155026435852051
3.161921262741089
3.169593095779419
3.1724159717559814
3.1713712215423584
3.183922290802002
3.1816670894622803
3.1880292892456055
3.2011337280273438
3.2001609802246094
3.206472635269165
3.2033379077911377
3.202176809310913
3.2214956283569336
3.22448468208313
3.2064366340637207
3.224972724914551
3.2302591800689697
3.221346378326416
3.2397565841674805
3.2327120304107666
3.2534985542297363
3.2521908283233643
3.2479705810546875
3.2571232318878174
3.2584400177001953
3.262016773223877
3.2750821113586426
3.2695040702819824
3.282931327819824
3.286815881729126
3.295999526977539
3.2981483936309814
3.293978452682495
3.305610418319702
3.30543851852417
3.317012310028076
3.31547474861145
3.3239972591400146
3.3324625492095947
3.3321404457092285
3.3400182723999023
3.3424198627471924
3.349599838256836
3.3539652824401855
3.355043888092041
3.3627283573150635
3.364765167236328
3.3694493770599365
3.378232955932617
3.386697769165039
3.387288808822632
3.394307851791382
3.385657548904419
3.3938515186309814
3.397382974624634
3.4014768600463867
3.4187119007110596
3.41483211517334
3.4225168228149414
3.420538902282715
3.4467902183532715
3.4413352012634277
3.4435606002807617
3.454139232635498
3.4631900787353516
3.4652490615844727
3.4642162322998047
3.479783773422241
3.4762463569641113
3.4893670082092285
3.4776434898376465
3.4787440299987793
3.48877215385437
3.500131607055664
3.5098462104797363
3.5197997093200684
3.5199968814849854
3.520437479019165
3.5282061100006104
3.5279486179351807
3.5347847938537598
3.544605016708374
3.5488345623016357
3.5548171997070312
3.5638270378112793
3.561678886413574
3.582075834274292
3.5787153244018555
3.5878641605377197
3.5921075344085693
3.595489025115967
3.60224986076355
3.6061742305755615
3.615612268447876
3.6306331157684326
3.62661075592041
3.630763292312622
3.63309383392334
3.6458747386932373
3.6519107818603516
3.6642558574676514
3.6648495197296143
3.678396463394165
3.6829328536987305
3.678112506866455
3.6940035820007324
3.694105863571167
3.7034201622009277
3.7048842906951904
3.7115530967712402
3.724236011505127
3.7240514755249023
3.732612371444702
3.738081693649292
3.7505059242248535
3.756561279296875
3.7601542472839355
3.7723143100738525
3.7748258113861084
3.7919774055480957
3.7920656204223633
3.804372787475586
3.8090438842773438
3.82269549369812
3.8235831260681152
3.8235418796539307
3.828522205352783
3.835111618041992
3.8507156372070312
3.852443218231201
3.8563392162323
3.8716297149658203
3.888561725616455
3.884244918823242
3.889509677886963
3.8993191719055176
3.9089324474334717
3.9150443077087402
3.918095111846924
3.92962908744812
3.94851016998291
3.9453847408294678
3.9558684825897217
3.9526655673980713
3.9495248794555664
3.9714250564575195
3.9749763011932373
3.9776241779327393
4.002470970153809
4.006900787353516
4.012008190155029
4.019644260406494
4.038322925567627
4.043439865112305
4.051571846008301
4.054077625274658
4.0689849853515625
4.071926593780518
4.071009635925293
4.080343246459961
4.094595432281494
4.10738468170166
4.114206314086914
4.12066125869751
4.127030849456787
4.140592098236084
4.149734973907471
4.161003589630127
4.162430763244629
4.167723178863525
4.177967071533203
4.198256969451904
4.1924824714660645
4.212721347808838
4.228038787841797
4.223819255828857
4.241750717163086
4.2526373863220215
4.2504119873046875
4.267870903015137
4.276771068572998
4.296783924102783
4.294482231140137
4.303930282592773
4.325230121612549
4.331747055053711
4.339502811431885
4.342979907989502
4.351080417633057
4.358029365539551
4.366703510284424
4.380248546600342
4.38774299621582
4.406789779663086
4.41960334777832
4.41245698928833
4.419903755187988
4.44056510925293
4.450005531311035
4.478480815887451
4.470830917358398
4.485685348510742
4.501919269561768
4.508173942565918
4.495351314544678
4.493300914764404
4.488992214202881
4.484818458557129
4.480532169342041
4.469621658325195
4.467264175415039
4.468424320220947
4.472407341003418
4.484297752380371
4.490143299102783
4.504121780395508
4.524555206298828
4.543816089630127
4.532096862792969
4.557475566864014
4.559877872467041
4.576870441436768
4.588533401489258
4.741694450378418
4.747416973114014
4.758699893951416
4.769596099853516
4.786806106567383
4.792983531951904
4.810850620269775
4.825260639190674
4.839433193206787
4.847903728485107
4.8523945808410645
4.877340793609619
4.885554313659668
4.910075664520264
4.916407108306885
4.930123329162598
4.934188365936279
4.950026512145996
4.972412109375
4.981635093688965
4.994122505187988
5.005803108215332
5.024756908416748
5.036954879760742
5.046149253845215
5.065201282501221
5.079569339752197
5.09493350982666
5.114455699920654
5.116854667663574
5.1253767013549805
5.144524574279785
5.168708324432373
5.169641494750977
5.189564228057861
5.1939215660095215
5.221014499664307
5.2333526611328125
5.262488842010498
5.266808032989502
5.278980731964111
5.301214218139648
5.302895545959473
5.327008247375488
5.36025333404541
5.363553524017334
5.3970465660095215
5.3905205726623535
5.398406505584717
5.425850868225098
5.449612140655518
5.468380928039551
5.485672473907471
5.481007099151611
5.506990909576416
5.540070056915283
5.551822185516357
5.570917129516602
5.601566791534424
5.583681583404541
5.614749908447266
5.6365275382995605
5.6669697761535645
5.675253868103027
5.6783318519592285
5.703208923339844
5.727086067199707
5.750524044036865
5.769824028015137
5.7934699058532715
5.794697284698486
5.8163981437683105
5.841386795043945
5.858643054962158
5.892146110534668
5.920236110687256
5.912780284881592
5.945239543914795
5.963873386383057
5.992544651031494
6.009846210479736
6.007294654846191
6.040234088897705
6.0692596435546875
6.087503910064697
6.1124396324157715
6.122714519500732
6.144032001495361
6.1750688552856445
6.19894552230835
6.222175121307373
6.258469581604004
6.261775970458984
6.277936935424805
6.309268951416016
6.337015628814697
6.371115207672119
6.368317127227783
6.398426532745361
6.430534839630127
6.45510196685791
6.484344959259033
6.52805757522583
6.522673606872559
6.545173168182373
6.583932876586914
6.601680755615234
6.639494895935059
6.638979911804199
6.395842552185059
6.371034145355225
6.346442222595215
6.348703384399414
6.338906288146973
6.336983680725098
6.326338291168213
6.323984622955322
6.313100814819336
6.335439682006836
6.32820987701416
6.331166744232178
6.334716320037842
6.334589958190918
6.337750434875488
6.346983432769775
6.363386154174805
6.361535549163818
6.3768157958984375
7.242100238800049
7.245176792144775
7.286183834075928
7.3261308670043945
7.365644931793213
7.3939290046691895
7.411007404327393
7.439735412597656
7.479407787322998
7.532957553863525
7.572268009185791
7.561164379119873
7.604671001434326
7.650716304779053
7.694075107574463
7.743070602416992
7.739284992218018
7.783622741699219
7.836511611938477
7.889935493469238
7.930960655212402
7.926499366760254
7.969311714172363
8.025603294372559
8.06674575805664
8.114965438842773
8.127528190612793
8.160698890686035
8.224924087524414
8.278142929077148
8.314301490783691
8.32592487335205
8.379608154296875
8.431008338928223
8.479909896850586
8.5040922164917
8.502490997314453
8.499296188354492
8.495800018310547
8.491739273071289
8.508679389953613
8.570727348327637
8.566516876220703
8.623538970947266
8.932384490966797
9.0001220703125
9.056816101074219
9.05981731414795
9.11793327331543
9.179754257202148
9.238986015319824
9.315014839172363
9.307374954223633
9.382943153381348
9.45137882232666
9.514647483825684
9.581475257873535
9.589312553405762
9.654107093811035
9.730996131896973
9.7960205078125
9.871149063110352
9.876579284667969
9.94813346862793
10.027055740356445
10.095186233520508
10.173002243041992
10.180599212646484
10.266231536865234
10.33852481842041
10.431610107421875
10.50299072265625
10.588157653808594
10.582755088806152
10.678940773010254
10.7604398727417
10.866567611694336
10.939451217651367
10.943614959716797
11.041495323181152
11.141073226928711
11.226980209350586
11.32839584350586
11.322141647338867
11.419167518615723
11.510890007019043
11.621390342712402
11.716828346252441
11.724218368530273
11.830451011657715
11.927704811096191
12.058246612548828
12.15711784362793
12.276625633239746
12.268001556396484
12.38305950164795
12.510287284851074
12.627197265625
12.752664566040039
12.752901077270508
12.864431381225586
12.85034465789795
12.848454475402832
12.887948989868164
12.888924598693848
13.406827926635742
13.536774635314941
13.178759574890137
13.133243560791016
13.107489585876465
13.107590675354004
13.112225532531738
13.096238136291504
13.11742877960205
13.117742538452148
13.10590934753418
13.140019416809082
14.926751136779785
15.10280990600586
15.277109146118164
15.460230827331543
15.451578140258789
15.645037651062012
15.827116966247559
16.03236198425293
16.224590301513672
16.227556228637695
16.433820724487305
16.639158248901367
16.851673126220703
17.064332962036133
17.292417526245117
17.290103912353516
17.357107162475586
17.36554718017578
17.493349075317383
18.12570571899414
18.104215621948242
18.115707397460938
18.105440139770508
18.114667892456055
18.108078002929688
18.093530654907227
18.08011245727539
18.088613510131836
18.081567764282227
18.08100700378418
18.077007293701172
18.069169998168945
18.07562255859375
18.075204849243164
18.073368072509766
18.065414428710938
18.062503814697266
18.062053680419922
18.051130294799805
18.04884147644043
18.04380989074707
18.046398162841797
18.03863525390625
18.038188934326172
18.034053802490234
18.043848037719727
18.039260864257812
18.028566360473633
18.02799415588379
18.019893646240234
18.020368576049805
18.01972770690918
18.0137939453125
18.006977081298828
18.01945686340332
18.007413864135742
18.003725051879883
18.002803802490234
18.0032958984375
18.000192642211914
17.99727439880371
17.99210548400879
17.98984146118164
17.982084274291992
17.991544723510742
17.979637145996094
17.981931686401367
17.98375129699707
17.978282928466797
17.976749420166016
17.974411010742188
17.974016189575195
17.968759536743164
17.97421646118164
17.976783752441406
17.975996017456055
17.970556259155273
17.968711853027344
17.965343475341797
17.966259002685547
17.967103958129883
17.96985626220703
17.965877532958984
17.949064254760742
17.96074104309082
17.96506118774414
17.953889846801758
17.958627700805664
17.9575252532959
17.96599578857422
17.953359603881836
17.95928382873535
17.964906692504883
17.958572387695312
17.954565048217773
17.951025009155273
17.9467716217041
17.95207977294922
17.948850631713867
17.950727462768555
17.950037002563477
17.94257354736328
17.9514217376709
17.94696807861328
17.947587966918945
17.94290542602539
17.94768714904785
17.945552825927734
17.949539184570312
17.94843101501465
17.947763442993164
17.958890914916992
17.94550323486328
17.950504302978516
17.951622009277344
17.95339012145996
17.958600997924805
17.94756317138672
17.95022964477539
17.953964233398438
17.95821189880371
17.963897705078125
17.956403732299805
17.954816818237305
17.959932327270508
17.954713821411133
17.9624080657959
17.96162986755371
17.962352752685547
17.960121154785156
17.965105056762695
17.965715408325195
17.96649932861328
17.966283798217773
17.96935272216797
17.9676513671875
17.972797393798828
17.969512939453125
17.977968215942383
17.976959228515625
17.966629028320312
17.97188949584961
17.980283737182617
17.982702255249023
17.981075286865234
17.991472244262695
17.985794067382812
17.982656478881836
17.987768173217773
17.986494064331055
17.995080947875977
18.00068473815918
18.00058937072754
17.99759864807129
18.001752853393555
17.993026733398438
18.007234573364258
18.00809097290039
18.013835906982422
18.007328033447266
18.010393142700195
18.01382064819336
18.02635955810547
18.01177215576172
18.0190372467041
18.021194458007812
18.034809112548828
18.044490814208984
18.028484344482422
18.033872604370117
18.03592872619629
18.042076110839844
18.042577743530273
18.041561126708984
18.063337326049805
18.058807373046875
18.057598114013672
18.067153930664062
18.067380905151367
18.067415237426758
18.06257438659668
18.076528549194336
18.08003807067871
18.07953643798828
18.092575073242188
18.086563110351562
18.092010498046875
18.090280532836914
18.09937858581543
18.10169219970703
18.10880470275879
18.109872817993164
18.112529754638672
18.119125366210938
18.121427536010742
18.118812561035156
18.1287899017334
18.138954162597656
18.135974884033203
18.145801544189453
18.14459800720215
18.15530014038086
18.153989791870117
18.160917282104492
18.161989212036133
18.160802841186523
18.166393280029297
18.17987060546875
18.17926597595215
18.182313919067383
18.19952392578125
18.19623565673828
18.20608139038086
18.206689834594727
18.206613540649414
18.215473175048828
18.21684455871582
18.22738265991211
18.222644805908203
18.233327865600586
18.238157272338867
18.245893478393555
18.253931045532227
18.254600524902344
18.270158767700195
18.269948959350586
18.27067756652832
18.27663230895996
18.286636352539062
18.284791946411133
18.297828674316406
18.296424865722656
18.311037063598633
18.312618255615234
18.318784713745117
18.32505226135254
18.339628219604492
18.33877182006836
18.34493637084961
18.3493595123291
18.35346221923828
18.356821060180664
18.369844436645508
18.370651245117188
18.378711700439453
18.382543563842773
18.39032554626465
18.395572662353516
18.408573150634766
18.416366577148438
18.421106338500977
18.425722122192383
18.430166244506836
18.434303283691406
18.446889877319336
18.450469970703125
18.459396362304688
18.452957153320312
18.466798782348633
18.47539520263672
8.749673843383789
8.720516204833984
8.714126586914062
8.698838233947754
8.701224327087402
8.691486358642578
8.684225082397461
8.679884910583496
8.676816940307617
8.679788589477539
8.697728157043457
8.698881149291992
8.712788581848145
8.71668815612793
8.738679885864258
18.585323333740234
18.605560302734375
18.441328048706055
18.415206909179688
18.394027709960938
18.389694213867188
18.383258819580078
8.54259204864502
8.494251251220703
8.453049659729004
8.454297065734863
8.475187301635742
8.46260929107666
8.470833778381348
8.475824356079102
8.189184188842773
8.111583709716797
8.095841407775879
8.091622352600098
8.097721099853516
8.104021072387695
8.105838775634766
8.128340721130371
8.115304946899414
8.122160911560059
8.122983932495117
8.123967170715332
8.141932487487793
8.134933471679688
8.139082908630371
8.141239166259766
8.147457122802734
8.163835525512695
8.160871505737305
8.155397415161133
8.163870811462402
8.164621353149414
8.169600486755371
8.178183555603027
8.181958198547363
8.185026168823242
8.19672679901123
8.189034461975098
8.19686508178711
8.207012176513672
8.20500373840332
8.216161727905273
8.21663761138916
8.213066101074219
8.22515869140625
8.237860679626465
8.232067108154297
8.240499496459961
8.238505363464355
19.113208770751953
19.1243839263916
19.119443893432617
19.144983291625977
19.152965545654297
19.162202835083008
19.169506072998047
19.1870174407959
19.194669723510742
19.206201553344727
19.221832275390625
19.234233856201172
19.238445281982422
19.270788192749023
19.270090103149414
19.279571533203125
19.30605697631836
19.302030563354492
19.311859130859375
19.322317123413086
19.337533950805664
19.350826263427734
19.36246109008789
19.371810913085938
19.394987106323242
19.404396057128906
19.423038482666016
19.4160099029541
19.456785202026367
19.447439193725586
19.4578914642334
19.48328399658203
19.491966247558594
19.507034301757812
19.519527435302734
19.524131774902344
19.54803466796875
19.557464599609375
19.567527770996094
19.584369659423828
19.597623825073242
19.612773895263672
19.624849319458008
19.639934539794922
19.65234375
19.66164207458496
19.685558319091797
19.683557510375977
19.71422004699707
19.726165771484375
19.7393741607666
19.74496078491211
19.75356674194336
19.775367736816406
19.7863712310791
19.797658920288086
19.82691764831543
19.838973999023438
19.844633102416992
19.869264602661133
19.878253936767578
19.903465270996094
19.907705307006836
19.931791305541992
19.931705474853516
19.967666625976562
19.97694206237793
19.987825393676758
19.997684478759766
20.021181106567383
20.031681060791016
20.043643951416016
20.052814483642578
20.094602584838867
20.096681594848633
20.120569229125977
20.11863136291504
20.143390655517578
20.16438865661621
20.176673889160156
20.19212532043457
20.19956398010254
20.236671447753906
20.238853454589844
20.25100326538086
20.26983070373535
20.29554557800293
20.311622619628906
20.335250854492188
20.33751106262207
20.369535446166992
20.37578010559082
20.396408081054688
20.405302047729492
20.437118530273438
20.449878692626953
20.464645385742188
20.480024337768555
20.504365921020508
20.529151916503906
20.535547256469727
20.548053741455078
20.56511878967285
20.584575653076172
20.60523796081543
20.622806549072266
20.646839141845703
20.66139793395996
20.688751220703125
20.702112197875977
20.7254581451416
20.74049186706543
20.76051902770996
20.770326614379883
20.7832088470459
20.808061599731445
20.82749366760254
20.844938278198242
20.86600685119629
20.899200439453125
20.903474807739258
20.926359176635742
20.94167137145996
20.977109909057617
20.994266510009766
21.010438919067383
21.02666473388672
21.04551124572754
21.07789421081543
9.485273361206055
9.441377639770508
9.42186164855957
9.412131309509277
9.380151748657227
9.364025115966797
9.323826789855957
9.315505027770996
9.288341522216797
9.273826599121094
9.240226745605469
9.207880973815918
9.189452171325684
9.180593490600586
9.139435768127441
9.138790130615234
9.109779357910156
9.092755317687988
9.063790321350098
9.051074981689453
9.01441478729248
9.001172065734863
8.968152046203613
8.952655792236328
8.930264472961426
8.907302856445312
8.892525672912598
8.874822616577148
8.853944778442383
8.838449478149414
8.83268928527832
8.848873138427734
8.862163543701172
8.866743087768555
8.883127212524414
8.889237403869629
8.89975643157959
8.906573295593262
9.565605163574219
8.565665245056152
8.552708625793457
8.531184196472168
8.512823104858398
8.484420776367188
8.480193138122559
8.461770057678223
8.435113906860352
8.42380428314209
8.397872924804688
8.388422012329102
8.358524322509766
8.33863639831543
8.336217880249023
8.314850807189941
8.28481388092041
8.273065567016602
8.258607864379883
8.250130653381348
8.220433235168457
8.200392723083496
8.189613342285156
8.177939414978027
8.16775894165039
8.134035110473633
8.126102447509766
8.118593215942383
8.09123420715332
8.063215255737305
8.050395011901855
8.043134689331055
8.022212982177734
8.004969596862793
7.981803894042969
7.971852779388428
7.9545769691467285
7.946372985839844
7.954544544219971
7.948354244232178
7.9787397384643555
7.979789733886719
7.9920783042907715
8.00508975982666
8.003856658935547
8.014498710632324
8.64178466796875
8.630481719970703
8.604849815368652
8.591300964355469
8.581276893615723
8.562617301940918
8.533483505249023
8.518834114074707
8.504434585571289
8.490567207336426
8.470480918884277
8.47033405303955
8.458277702331543
8.443700790405273
8.414855003356934
8.395373344421387
8.378423690795898
8.371818542480469
8.364166259765625
8.350213050842285
8.33266830444336
8.31082820892334
8.290055274963379
8.284599304199219
7.478231430053711
7.458138465881348
7.438323020935059
7.4434380531311035
7.419754981994629
7.4153313636779785
7.404472827911377
7.382432460784912
7.362612724304199
7.349538326263428
7.3368611335754395
7.329794883728027
7.31865119934082
7.307170867919922
7.290411472320557
7.280083179473877
7.270631313323975
7.258727550506592
7.250523090362549
7.2463603019714355
7.221839904785156
7.211694240570068
7.189698696136475
7.187503814697266
7.168992519378662
7.164907932281494
7.154599666595459
7.136654376983643
7.1276702880859375
7.113870143890381
7.0998640060424805
7.090544700622559
7.08701229095459
7.075865268707275
7.063182830810547
7.048862457275391
7.041656017303467
7.026356220245361
7.010216236114502
7.003014087677002
6.9956135749816895
6.988231658935547
6.968061447143555
6.958530426025391
6.94474458694458
6.940401077270508
6.934520721435547
6.914629936218262
6.9183831214904785
6.933626651763916
6.932919979095459
6.956818580627441
6.96851110458374
6.973128795623779
6.990756511688232
7.002335548400879
7.538963794708252
7.538454055786133
7.521673202514648
7.5199294090271
7.502216815948486
7.4878926277160645
7.485501289367676
7.4828290939331055
7.4555463790893555
7.456069469451904
7.429428577423096
7.424037456512451
7.424126148223877
7.409538269042969
7.406059741973877
7.395660400390625
7.384808540344238
7.382853984832764
7.363776206970215
7.356507301330566
7.331925392150879
7.333443641662598
7.3151021003723145
7.311236381530762
7.276372909545898
7.317567348480225
7.321694374084473
7.34868860244751
7.352741718292236
7.366142749786377
7.383082866668701
7.390745639801025
7.918822765350342
7.8983564376831055
7.889777660369873
7.881157398223877
7.870260238647461
7.864199161529541
7.843564987182617
7.832348823547363
7.830780029296875
7.819880962371826
7.813251972198486
7.805071830749512
7.79302453994751
7.786316871643066
7.777408123016357
7.759240627288818
7.7597737312316895
7.743830680847168
7.732098579406738
7.723119258880615
7.706751823425293
7.708157062530518
7.721210479736328
7.739675045013428
7.757569789886475
7.762832164764404
7.781251430511475
7.798398971557617
29.038875579833984
29.09539222717285
29.15598487854004
29.221881866455078
29.295427322387695
29.349632263183594
29.423095703125
29.483705520629883
29.55517578125
29.553829193115234
29.619884490966797
29.68468475341797
29.758617401123047
29.819082260131836
29.890623092651367
29.96323013305664
30.032508850097656
30.103315353393555
30.1702823638916
30.233901977539062
30.2442684173584
30.31648826599121
30.387807846069336
30.45594024658203
30.52289390563965
30.612730026245117
30.68409538269043
30.731517791748047
30.682044982910156
30.645841598510742
30.651594161987305
30.6122989654541
30.57278823852539
30.538177490234375
30.49322509765625
30.46426773071289
30.424379348754883
30.38457489013672
30.34703254699707
30.35308074951172
30.317615509033203
30.26901626586914
30.240612030029297
30.203575134277344
30.15900230407715
30.128332138061523
30.080350875854492
30.08661651611328
30.04994773864746
30.008819580078125
29.98084831237793
29.949485778808594
29.905981063842773
29.872493743896484
29.831092834472656
29.84006118774414
29.803104400634766
29.767059326171875
29.73154067993164
29.70111083984375
29.66408920288086
29.63541030883789
29.592195510864258
29.592985153198242
29.55875587463379
29.519712448120117
29.490957260131836
29.466556549072266
29.41751480102539
29.39328956604004
29.396127700805664
29.363622665405273
29.327163696289062
29.293216705322266
29.244945526123047
29.22713279724121
29.19084930419922
29.188405990600586
29.16556739807129
29.130632400512695
29.102083206176758
29.068567276000977
29.029760360717773
28.9881591796875
29.000215530395508
28.96979331970215
28.938350677490234
28.8970947265625
28.878944396972656
28.85532569885254
28.8449649810791
28.80448341369629
28.785140991210938
28.749731063842773
28.718799591064453
28.693038940429688
28.660140991210938
28.655210494995117
28.6292781829834
28.59840965270996
28.57341194152832
28.54220962524414
28.513826370239258
28.50812530517578
28.478084564208984
28.454763412475586
28.423280715942383
28.390304565429688
28.364377975463867
28.361194610595703
28.334802627563477
3.5042083263397217
3.5062592029571533
3.4913883209228516
3.4938583374023438
3.488007068634033
3.5022902488708496
3.486253261566162
3.498074769973755
3.4790735244750977
3.4870083332061768
3.4789834022521973
3.4694998264312744
3.467975378036499
3.4671807289123535
3.4681618213653564
3.4591336250305176
3.4598429203033447
3.473050594329834
3.4545137882232666
3.45641827583313
3.4435181617736816
3.4549264907836914
3.4630274772644043
3.480729341506958
3.5009031295776367
3.4940085411071777
3.4890317916870117
3.4859375953674316
3.481761932373047
3.479567766189575
3.474424362182617
3.476968765258789
3.477586507797241
3.483454942703247
3.470914840698242
3.472856044769287
3.4714958667755127
3.4666171073913574
3.4566125869750977
3.461550712585449
3.454974889755249
3.4623825550079346
3.4570605754852295
3.461782455444336
3.4355063438415527
3.4610958099365234
3.477847099304199
3.4990286827087402
3.5102343559265137
3.5204806327819824
3.529649257659912
3.546090841293335
3.5523104667663574
3.5769715309143066
3.591843843460083
3.5895323753356934
3.602553367614746
3.6227359771728516
3.6302566528320312
3.656630039215088
3.6538562774658203
3.669609785079956
3.6920406818389893
3.699920415878296
3.724499464035034
3.743988513946533
3.7444512844085693
3.775440216064453
3.7953920364379883
3.830368995666504
3.8449013233184814
3.8322341442108154
3.8623757362365723
3.873481273651123
3.380612850189209
3.383924961090088
3.376840829849243
3.3679537773132324
3.365088701248169
3.3663361072540283
3.3617265224456787
3.371635913848877
3.3639442920684814
3.358336925506592
3.361588478088379
3.358447790145874
3.355354070663452
3.354390859603882
3.350851535797119
3.3496367931365967
3.3361120223999023
3.3442556858062744
3.3427743911743164
3.3430016040802
3.3497774600982666
3.3439807891845703
3.3396594524383545
3.337116003036499
3.332723617553711
3.333329439163208
3.319554090499878
3.2714786529541016
3.267542839050293
3.2625808715820312
3.2674620151519775
3.265355110168457
3.267957925796509
3.267843246459961
3.2594261169433594
3.2614645957946777
3.2752773761749268
3.282799005508423
3.2863595485687256
3.3971431255340576
3.4107415676116943
2.446927785873413
2.4441721439361572
2.4368979930877686
2.4465646743774414
2.4293196201324463
2.438422918319702
2.4388427734375
2.435279369354248
