9.957479476928711 0.0
9.952930450439453 0.0
9.955659866333008 0.0
9.949854850769043 0.0
9.952325820922852 0.0
9.942086219787598 0.0
9.951432228088379 0.0
9.95423412322998 0.0
9.945850372314453 0.0
9.960179328918457 0.0
9.953750610351562 0.0
9.950583457946777 0.0
9.943585395812988 0.0
9.956334114074707 0.0
9.95275592803955 0.0
9.952737808227539 0.0
9.949570655822754 0.0
9.95174789428711 0.0
9.964533805847168 0.0
9.946863174438477 0.0
9.952098846435547 0.0
9.958257675170898 0.0
9.947627067565918 0.0
9.95390796661377 0.0
9.95373249053955 0.0
9.960342407226562 0.0
9.962143898010254 0.0
9.959067344665527 0.0
9.965144157409668 0.0
9.961946487426758 0.0
9.962790489196777 0.0
9.969464302062988 0.0
9.968904495239258 0.0
9.967660903930664 0.0
9.96313762664795 0.0
9.967399597167969 0.0
9.957571983337402 0.0
9.958487510681152 0.0
9.97315502166748 0.0
9.96279239654541 0.0
9.973113059997559 0.0
9.968488693237305 0.0
9.975929260253906 0.0
9.978109359741211 0.0
9.9755277633667 0.0
9.977526664733887 0.0
9.977368354797363 0.0
9.970098495483398 0.0
9.976905822753906 0.0
9.981656074523926 0.0
9.977144241333008 0.0
9.981147766113281 0.0
9.977034568786621 0.0
9.99234390258789 0.0
9.990815162658691 0.0
9.997035026550293 0.0
9.998185157775879 0.0
9.983467102050781 0.0
9.995606422424316 0.0
9.981758117675781 0.0
9.997178077697754 0.0
10.005777359008789 0.0
9.997307777404785 0.0
9.993499755859375 0.0
10.001164436340332 0.0
10.006247520446777 0.0
10.012986183166504 0.0
10.007903099060059 0.0
10.008091926574707 0.0
10.010090827941895 0.0
10.00664234161377 0.0
10.010673522949219 0.0
10.012938499450684 0.0
10.014078140258789 0.0
10.015687942504883 0.0
10.013957023620605 0.0
10.02422046661377 0.0
10.030498504638672 0.0
10.024605751037598 0.0
10.032261848449707 0.0
10.033626556396484 0.0
10.033405303955078 0.0
10.037003517150879 0.0
10.045967102050781 0.0
10.038512229919434 0.0
10.02988338470459 0.0
10.042996406555176 0.0
10.057953834533691 0.0
10.040117263793945 0.0
10.043692588806152 0.0
10.044626235961914 0.0
10.055684089660645 0.0
10.049151420593262 0.0
10.058077812194824 0.0
10.06367301940918 0.0
10.061655044555664 0.0
10.060262680053711 0.0
10.068941116333008 0.0
10.07155990600586 0.0
10.067811965942383 0.0
10.080456733703613 0.0
10.078426361083984 0.0
10.081816673278809 0.0
10.07969856262207 0.0
10.08185863494873 0.0
10.082905769348145 0.0
10.092403411865234 0.0
10.100245475769043 0.0
10.09705924987793 0.0
10.095547676086426 0.0
10.101940155029297 0.0
10.101091384887695 0.0
10.104180335998535 0.0
10.105445861816406 0.0
10.108587265014648 0.0
10.12525749206543 0.0
10.117612838745117 0.0
10.11649227142334 0.0
10.126632690429688 0.0
10.139517784118652 0.0
10.126575469970703 0.0
10.124116897583008 0.0
10.141114234924316 0.0
10.132533073425293 0.0
10.156572341918945 0.0
10.150306701660156 0.0
10.144723892211914 0.0
10.15424633026123 0.0
10.152990341186523 0.0
10.160943031311035 0.0
10.161216735839844 0.0
10.159940719604492 0.0
10.165778160095215 0.0
10.170059204101562 0.0
10.170090675354004 0.0
10.186037063598633 0.0
10.179649353027344 0.0
10.177862167358398 0.0
10.183574676513672 0.0
10.189146995544434 0.0
10.186132431030273 0.0
10.200942993164062 0.0
10.204764366149902 0.0
10.2075834274292 0.0
10.205480575561523 0.0
10.2158784866333 0.0
10.217506408691406 0.0
10.21152114868164 0.0
10.225074768066406 0.0
10.228373527526855 0.0
10.236954689025879 0.0
10.238371849060059 0.0
10.247230529785156 0.0
10.243471145629883 0.0
10.245100021362305 0.0
10.262296676635742 0.0
10.259416580200195 0.0
10.256580352783203 0.0
10.264448165893555 0.0
10.264249801635742 0.0
10.277338027954102 0.0
10.283576965332031 0.0
10.283759117126465 0.0
10.279647827148438 0.0
10.285200119018555 0.0
10.285849571228027 0.0
10.291426658630371 0.0
10.30501651763916 0.0
10.312529563903809 0.0
10.318538665771484 0.0
10.320032119750977 0.0
10.307626724243164 0.0
10.32440185546875 0.0
10.326563835144043 0.0
10.336971282958984 0.0
10.343331336975098 0.0
10.341632843017578 0.0
10.349054336547852 0.0
10.353251457214355 0.0
10.356472969055176 0.0
10.361832618713379 0.0
10.36297607421875 0.0
10.363797187805176 0.0
10.366888999938965 0.0
10.377467155456543 0.0
10.387103080749512 0.0
10.399160385131836 0.0
10.397759437561035 0.0
10.394111633300781 0.0
10.400775909423828 0.0
10.408244132995605 0.0
10.417591094970703 0.0
10.421836853027344 0.0
10.420612335205078 0.0
10.428953170776367 0.0
10.442815780639648 0.0
10.43588924407959 0.0
10.440718650817871 0.0
10.450472831726074 0.0
10.45935344696045 0.0
10.454262733459473 0.0
10.470908164978027 0.0
10.475390434265137 0.0
10.478312492370605 0.0
10.479466438293457 0.0
10.481139183044434 0.0
10.495864868164062 0.0
10.497803688049316 0.0
10.502741813659668 0.0
10.508437156677246 0.0
10.503911018371582 0.0
10.516414642333984 0.0
10.524981498718262 0.0
10.534379959106445 0.0
10.540597915649414 0.0
10.542961120605469 0.0
10.550207138061523 0.0
10.541241645812988 0.0
10.565130233764648 0.0
10.56912612915039 0.0
10.571928024291992 0.0
10.578042030334473 0.0
10.592362403869629 0.0
10.59804630279541 0.0
10.594592094421387 0.0
10.599465370178223 0.0
10.603528022766113 0.0
10.617504119873047 0.0
10.62187671661377 0.0
6.551088333129883 2000.0
6.511512756347656 2000.0
6.494949817657471 2000.0
6.477336883544922 2000.0
6.482172012329102 2000.0
6.46901273727417 2000.0
6.464372634887695 2000.0
6.4573493003845215 2000.0
6.450959205627441 2000.0
6.459392070770264 2000.0
6.456826210021973 2000.0
6.4574079513549805 2000.0
6.459216117858887 2000.0
6.462200164794922 2000.0
6.471532344818115 2000.0
6.474557876586914 2000.0
6.476625442504883 2000.0
6.491621494293213 2000.0
6.5096821784973145 2000.0
6.554992198944092 2000.0
10.759446144104004 0.0
10.771620750427246 0.0
10.777482032775879 0.0
10.787276268005371 0.0
10.784131050109863 0.0
10.799723625183105 0.0
10.789752006530762 0.0
10.813799858093262 0.0
10.823064804077148 0.0
6.422695636749268 0.0
6.403669834136963 0.0
6.370431900024414 0.0
6.339156627655029 0.0
6.3217363357543945 0.0
6.297544956207275 0.0
6.288181304931641 0.0
6.2867112159729 0.0
6.282832622528076 0.0
6.276896953582764 0.0
6.264082908630371 0.0
6.225674629211426 0.0
6.213589191436768 0.0
6.1915669441223145 0.0
6.176527500152588 0.0
6.136328220367432 0.0
6.135680198669434 0.0
6.1027069091796875 0.0
6.085113525390625 0.0
6.059446334838867 0.0
6.04743766784668 0.0
6.023298740386963 0.0
6.02001953125 0.0
5.997929573059082 0.0
5.974445343017578 0.0
5.961238861083984 0.0
5.939489364624023 0.0
5.930765628814697 0.0
5.902661323547363 0.0
5.873355388641357 0.0
5.861462593078613 0.0
5.841355323791504 0.0
5.830715656280518 0.0
5.810472011566162 0.0
5.78100061416626 0.0
5.772421360015869 0.0
5.750491142272949 0.0
5.740846157073975 0.0
5.703330039978027 0.0
5.687438488006592 0.0
5.677455425262451 0.0
5.664682865142822 0.0
5.646772384643555 0.0
5.633641242980957 0.0
5.61637020111084 0.0
5.572098255157471 0.0
5.570040702819824 0.0
5.547832489013672 0.0
5.523186683654785 0.0
5.514348983764648 0.0
5.49592924118042 0.0
5.472532272338867 0.0
5.460958003997803 0.0
5.450362205505371 0.0
5.424197196960449 0.0
5.415402412414551 0.0
5.397013187408447 0.0
5.387912750244141 0.0
5.374446392059326 0.0
5.357235431671143 0.0
5.351027488708496 0.0
5.320799350738525 0.0
5.312281131744385 0.0
5.30783224105835 0.0
5.282503604888916 0.0
5.262977123260498 0.0
5.25083589553833 0.0
5.239535331726074 0.0
5.227535247802734 0.0
5.216071128845215 0.0
5.200399875640869 0.0
5.178823471069336 0.0
5.161708354949951 0.0
5.152414321899414 0.0
5.133113384246826 0.0
5.118432998657227 0.0
5.105187892913818 0.0
5.098402976989746 0.0
5.084872245788574 0.0
5.06711483001709 0.0
5.051623821258545 0.0
5.043119430541992 0.0
5.034687042236328 0.0
5.023597240447998 0.0
5.000129699707031 0.0
4.977519989013672 0.0
4.982728958129883 0.0
4.961269855499268 0.0
4.949904441833496 0.0
4.934385776519775 0.0
4.925600051879883 0.0
4.900753021240234 0.0
4.896755218505859 0.0
4.888917446136475 0.0
4.867496013641357 0.0
4.852010250091553 0.0
4.841249942779541 0.0
4.832889556884766 0.0
4.825307369232178 0.0
4.808286666870117 0.0
4.802491664886475 0.0
4.793772220611572 0.0
4.7725725173950195 0.0
4.7558770179748535 0.0
4.754279613494873 0.0
4.738234519958496 0.0
4.678827285766602 0.0
4.672196865081787 0.0
4.653825759887695 0.0
4.635896682739258 0.0
4.619990348815918 0.0
4.611730575561523 0.0
4.600803375244141 0.0
4.593622207641602 0.0
4.5994181632995605 0.0
4.581324100494385 0.0
4.548890590667725 0.0
4.550513744354248 0.0
4.546580791473389 0.0
4.538333892822266 0.0
4.546113014221191 0.0
4.548656940460205 0.0
4.559887409210205 0.0
4.565497875213623 0.0
4.576110363006592 0.0
4.573073863983154 0.0
4.583825588226318 0.0
4.583456993103027 0.0
4.583073616027832 0.0
4.594268321990967 0.0
4.600575923919678 0.0
4.603804588317871 0.0
4.614909648895264 0.0
4.623465538024902 0.0
4.624207019805908 0.0
4.628518104553223 0.0
4.630434036254883 0.0
4.717301368713379 0.0
4.731234550476074 0.0
4.732595443725586 0.0
4.740428447723389 0.0
4.739515781402588 0.0
4.754190921783447 0.0
4.760406017303467 0.0
4.756601333618164 0.0
4.760990619659424 0.0
4.768402099609375 0.0
4.7815632820129395 0.0
4.777560710906982 0.0
4.781208515167236 0.0
4.788384914398193 0.0
4.807522296905518 0.0
4.800094127655029 0.0
4.805680274963379 0.0
4.817313194274902 0.0
4.817205429077148 0.0
4.825904369354248 0.0
4.8285746574401855 0.0
4.843414783477783 0.0
4.845515727996826 0.0
4.84255838394165 0.0
4.85831880569458 0.0
4.869259834289551 0.0
4.856147289276123 0.0
4.870972633361816 0.0
4.880913734436035 0.0
4.8904900550842285 0.0
4.895645618438721 0.0
4.90323543548584 0.0
4.908097743988037 0.0
4.913019180297852 0.0
2.7364959716796875 2000.0
2.728973865509033 2000.0
2.715048313140869 2000.0
2.7184531688690186 2000.0
2.7051501274108887 2000.0
2.6965997219085693 2000.0
2.6929209232330322 2000.0
2.6893954277038574 2000.0
2.680170774459839 2000.0
2.6898295879364014 2000.0
2.694852828979492 2000.0
2.6766769886016846 2000.0
2.6662614345550537 2000.0
2.6752140522003174 2000.0
2.6739132404327393 2000.0
2.669557809829712 2000.0
2.6615397930145264 2000.0
2.665614128112793 2000.0
2.6646718978881836 2000.0
2.664900302886963 2000.0
2.665806531906128 2000.0
2.6643283367156982 2000.0
2.6682581901550293 2000.0
2.6589362621307373 2000.0
2.6750340461730957 2000.0
2.662794828414917 2000.0
2.6694509983062744 2000.0
2.6709768772125244 2000.0
2.6732122898101807 2000.0
2.677525520324707 2000.0
2.6721177101135254 2000.0
2.671292543411255 2000.0
2.6771793365478516 2000.0
2.6752305030822754 2000.0
2.6780145168304443 2000.0
2.683703899383545 2000.0
2.682075262069702 2000.0
2.6990036964416504 2000.0
2.6971774101257324 2000.0
2.692065477371216 2000.0
2.702744960784912 2000.0
2.7160463333129883 2000.0
2.7153356075286865 2000.0
2.7205443382263184 2000.0
2.7291624546051025 2000.0
2.7516586780548096 2000.0
5.2385945320129395 0.0
5.248814582824707 0.0
5.257091045379639 0.0
5.251499652862549 0.0
5.260656356811523 0.0
5.277078151702881 0.0
5.2705397605896 0.0
5.287107944488525 0.0
5.285983085632324 0.0
5.296372413635254 0.0
5.310605525970459 0.0
5.323494911193848 0.0
5.318625450134277 0.0
5.335865020751953 0.0
5.346080780029297 0.0
5.340798854827881 0.0
5.358376502990723 0.0
5.359289646148682 0.0
5.378880023956299 0.0
5.378735542297363 0.0
5.392859935760498 0.0
5.399752140045166 0.0
5.405920505523682 0.0
5.415547847747803 0.0
5.422276020050049 0.0
2.7316508293151855 0.0
2.731306552886963 0.0
2.7322590351104736 0.0
2.7214231491088867 0.0
2.7265992164611816 0.0
2.7221224308013916 0.0
2.709473133087158 0.0
2.7045888900756836 0.0
2.7032992839813232 0.0
2.6984314918518066 0.0
2.686293363571167 0.0
2.6870996952056885 0.0
2.6884357929229736 0.0
2.6785030364990234 0.0
2.6732242107391357 0.0
2.679192066192627 0.0
2.671053886413574 0.0
2.6532745361328125 0.0
2.6529619693756104 0.0
2.665976047515869 0.0
2.6531386375427246 0.0
2.6479547023773193 0.0
2.644745111465454 0.0
2.638502359390259 0.0
2.638376235961914 0.0
2.6250314712524414 0.0
2.6300201416015625 0.0
2.6220734119415283 0.0
2.632936716079712 0.0
2.625776767730713 0.0
2.6379764080047607 0.0
2.63836407661438 0.0
2.6422882080078125 0.0
2.644233465194702 0.0
2.632554292678833 0.0
2.6329739093780518 0.0
2.6280128955841064 0.0
2.624979257583618 0.0
2.6268723011016846 0.0
2.6199820041656494 0.0
2.6207571029663086 0.0
2.6130788326263428 0.0
2.619123697280884 0.0
2.599416732788086 0.0
2.608776330947876 0.0
2.6010382175445557 0.0
2.594454765319824 0.0
2.582853317260742 0.0
2.5951695442199707 0.0
2.580207347869873 0.0
2.59171986579895 0.0
2.5907845497131348 0.0
2.5844578742980957 0.0
2.5623679161071777 0.0
2.5643231868743896 0.0
2.565293312072754 0.0
2.5616753101348877 0.0
2.556318998336792 0.0
2.5589866638183594 0.0
2.5488805770874023 0.0
2.555244207382202 0.0
2.5457489490509033 0.0
2.5440032482147217 0.0
2.5346195697784424 0.0
2.540862560272217 0.0
2.531723737716675 0.0
2.530115842819214 0.0
2.5188100337982178 0.0
2.5180351734161377 0.0
2.5138418674468994 0.0
2.522042989730835 0.0
2.5163040161132812 0.0
2.502755641937256 0.0
2.5016891956329346 0.0
2.505610942840576 0.0
2.5112569332122803 0.0
2.4997875690460205 0.0
2.4952268600463867 0.0
2.4970951080322266 0.0
2.4994757175445557 0.0
2.4854249954223633 0.0
2.4890811443328857 0.0
2.4869260787963867 0.0
2.4793293476104736 0.0
2.473085641860962 0.0
2.464831829071045 0.0
2.473062038421631 0.0
2.4685051441192627 0.0
2.462838888168335 0.0
2.4531311988830566 0.0
2.4568207263946533 0.0
2.4536094665527344 0.0
2.442695379257202 0.0
2.452223300933838 0.0
2.4484565258026123 0.0
2.4371449947357178 0.0
2.436873197555542 0.0
2.4272444248199463 0.0
2.429386854171753 0.0
2.4353034496307373 0.0
2.4309470653533936 0.0
2.411958694458008 0.0
2.413945198059082 0.0
2.4193170070648193 0.0
2.420106887817383 0.0
2.4118382930755615 0.0
2.4170455932617188 0.0
2.407499074935913 0.0
2.409590244293213 0.0
2.4040167331695557 0.0
2.3954977989196777 0.0
2.3968122005462646 0.0
2.3988988399505615 0.0
2.3897619247436523 0.0
2.3947222232818604 0.0
2.3854105472564697 0.0
2.380934715270996 0.0
2.3791959285736084 0.0
2.3774526119232178 0.0
2.3770554065704346 0.0
2.3802781105041504 0.0
2.36883807182312 0.0
2.37603497505188 0.0
2.3600258827209473 0.0
2.369734048843384 0.0
2.369290590286255 0.0
2.360459804534912 0.0
2.3521077632904053 0.0
2.3585896492004395 0.0
2.362730026245117 0.0
2.360501289367676 0.0
2.343258857727051 0.0
2.3478403091430664 0.0
2.3520121574401855 0.0
2.3389508724212646 0.0
2.344013214111328 0.0
2.3337957859039307 0.0
2.3342199325561523 0.0
2.3339085578918457 0.0
2.3250184059143066 0.0
2.324089288711548 0.0
2.324202299118042 0.0
2.318262815475464 0.0
2.3116564750671387 0.0
2.3154869079589844 0.0
2.317105770111084 0.0
2.313138246536255 0.0
2.314333200454712 0.0
2.306025505065918 0.0
2.3071603775024414 0.0
2.3034260272979736 0.0
2.303044080734253 0.0
2.3067355155944824 0.0
2.2983622550964355 0.0
2.2965214252471924 0.0
2.289403200149536 0.0
2.282165050506592 0.0
2.2891035079956055 0.0
2.2830443382263184 0.0
2.2928812503814697 0.0
2.2881171703338623 0.0
2.287949562072754 0.0
2.2616870403289795 0.0
2.2738277912139893 0.0
2.2774412631988525 0.0
2.2671055793762207 0.0
2.2731754779815674 0.0
2.2661242485046387 0.0
2.2692463397979736 0.0
2.262263774871826 0.0
2.265531301498413 0.0
2.2583606243133545 0.0
2.2509610652923584 0.0
2.2620606422424316 0.0
2.24873948097229 0.0
2.2420029640197754 0.0
2.247312307357788 0.0
2.2426254749298096 0.0
2.2516162395477295 0.0
2.2454562187194824 0.0
2.248037099838257 0.0
2.237870454788208 0.0
2.2331347465515137 0.0
2.235363483428955 0.0
2.229245901107788 0.0
2.2298200130462646 0.0
2.236874580383301 0.0
2.232069730758667 0.0
2.219341278076172 0.0
2.233595371246338 0.0
2.2178680896759033 0.0
2.2171833515167236 0.0
2.2150890827178955 0.0
2.2241954803466797 0.0
2.2147018909454346 0.0
2.2117819786071777 0.0
2.2080695629119873 0.0
2.206819534301758 0.0
2.212228775024414 0.0
2.205082893371582 0.0
2.213083267211914 0.0
2.2088496685028076 0.0
2.189270496368408 0.0
2.199373722076416 0.0
2.1963369846343994 0.0
2.1911303997039795 0.0
2.190039873123169 0.0
2.189178705215454 0.0
2.1963860988616943 0.0
2.1941378116607666 0.0
2.1976559162139893 0.0
2.177288293838501 0.0
2.184135913848877 0.0
2.185325860977173 0.0
2.1721880435943604 0.0
2.182785749435425 0.0
2.172281265258789 0.0
2.1771600246429443 0.0
2.16811466217041 0.0
2.1771395206451416 0.0
2.1688568592071533 0.0
2.1671180725097656 0.0
2.165196657180786 0.0
2.161881446838379 0.0
2.1638925075531006 0.0
2.1657559871673584 0.0
2.1580519676208496 0.0
2.1527233123779297 0.0
2.158616304397583 0.0
2.163618564605713 0.0
2.1584601402282715 0.0
2.164592981338501 0.0
2.150495767593384 0.0
2.1559371948242188 0.0
2.1462972164154053 0.0
2.149946689605713 0.0
2.1470513343811035 0.0
2.1504039764404297 0.0
2.148545265197754 0.0
2.14798903465271 0.0
2.1316092014312744 0.0
2.1400086879730225 0.0
2.134139060974121 0.0
2.1363558769226074 0.0
2.1345767974853516 0.0
2.132283926010132 0.0
2.134971857070923 0.0
2.123401165008545 0.0
2.1244027614593506 0.0
2.132181167602539 0.0
2.1248691082000732 0.0
2.130094289779663 0.0
2.1202991008758545 0.0
2.1179566383361816 0.0
2.123171091079712 0.0
2.116769790649414 0.0
2.115065574645996 0.0
2.1162068843841553 0.0
2.1138014793395996 0.0
2.1192357540130615 0.0
2.1168410778045654 0.0
2.11098051071167 0.0
2.113482713699341 0.0
2.1036152839660645 0.0
2.0989584922790527 0.0
2.0954675674438477 0.0
2.1053504943847656 0.0
2.1087777614593506 0.0
2.095719337463379 0.0
2.1001365184783936 0.0
2.0944247245788574 0.0
2.095747947692871 0.0
2.0920307636260986 0.0
2.090165376663208 0.0
2.096571207046509 0.0
2.0933425426483154 0.0
2.094928503036499 0.0
2.0982561111450195 0.0
2.099444627761841 0.0
2.0863261222839355 0.0
2.0858211517333984 0.0
2.090101957321167 0.0
2.0828139781951904 0.0
2.0893988609313965 0.0
2.080641508102417 0.0
2.0807735919952393 0.0
2.0801055431365967 0.0
2.074495792388916 0.0
2.079335927963257 0.0
2.074396848678589 0.0
2.0829715728759766 0.0
2.081923007965088 0.0
2.070453405380249 0.0
2.0753374099731445 0.0
2.072833299636841 0.0
2.073417901992798 0.0
2.06434965133667 0.0
2.0697708129882812 0.0
2.0630974769592285 0.0
2.067531108856201 0.0
2.082623243331909 0.0
2.0718448162078857 0.0
2.061840295791626 0.0
2.067396879196167 0.0
2.0643246173858643 0.0
2.0635159015655518 0.0
2.061164379119873 0.0
2.0551414489746094 0.0
2.0504205226898193 0.0
2.0571937561035156 0.0
2.0550763607025146 0.0
2.0574233531951904 0.0
2.0448155403137207 0.0
2.062553644180298 0.0
2.049851894378662 0.0
2.0511999130249023 0.0
2.048377752304077 0.0
2.0487189292907715 0.0
2.0518369674682617 0.0
2.0433225631713867 0.0
2.0484230518341064 0.0
2.0467112064361572 0.0
2.042206287384033 0.0
2.04337477684021 0.0
2.0453131198883057 0.0
2.0382866859436035 0.0
2.0378918647766113 0.0
2.038966417312622 0.0
2.04714035987854 0.0
2.0327091217041016 0.0
2.0373246669769287 0.0
2.043024778366089 0.0
2.029526710510254 0.0
2.0381295680999756 0.0
2.0271992683410645 0.0
2.034888744354248 0.0
2.029311180114746 0.0
2.034074068069458 0.0
2.029801845550537 0.0
2.031935691833496 0.0
2.025587797164917 0.0
2.0346500873565674 0.0
2.0258591175079346 0.0
2.0318427085876465 0.0
2.034722089767456 0.0
2.019526481628418 0.0
2.0198771953582764 0.0
2.0282235145568848 0.0
2.0210726261138916 0.0
2.0117573738098145 0.0
2.024580717086792 0.0
2.020221471786499 0.0
2.016357898712158 0.0
2.0244011878967285 0.0
2.0202128887176514 0.0
2.0193090438842773 0.0
2.025198221206665 0.0
2.011172294616699 0.0
2.0102083683013916 0.0
2.0037543773651123 0.0
2.005173921585083 0.0
2.013556480407715 0.0
2.0137462615966797 0.0
1.9994330406188965 0.0
2.0060689449310303 0.0
2.0097591876983643 0.0
2.017880916595459 0.0
2.0048727989196777 0.0
2.003997802734375 0.0
2.00089693069458 0.0
2.0137269496917725 0.0
1.9968369007110596 0.0
2.0028457641601562 0.0
2.0050439834594727 0.0
2.003263235092163 0.0
2.005161762237549 0.0
2.001798391342163 0.0
2.0030293464660645 0.0
2.0033581256866455 0.0
2.0018625259399414 0.0
1.994565725326538 0.0
1.9915885925292969 0.0
1.9926570653915405 0.0
1.990304708480835 0.0
1.9949705600738525 0.0
2.000880241394043 0.0
1.9923235177993774 0.0
1.990978717803955 0.0
1.9917840957641602 0.0
1.9870280027389526 0.0
1.994145393371582 0.0
1.9979709386825562 0.0
1.9919365644454956 0.0
1.9923276901245117 0.0
1.990610122680664 0.0
1.9911253452301025 0.0
1.99158775806427 0.0
1.9891431331634521 0.0
1.9961787462234497 0.0
1.9881701469421387 0.0
1.986167550086975 0.0
1.985304594039917 0.0
1.992653727531433 0.0
1.983524203300476 0.0
1.9900323152542114 0.0
1.9841374158859253 0.0
1.991882085800171 0.0
1.9933563470840454 0.0
1.9748250246047974 0.0
1.9751273393630981 0.0
1.9791275262832642 0.0
1.9918462038040161 0.0
1.9910207986831665 0.0
1.977374792098999 0.0
1.975527048110962 0.0
1.984533429145813 0.0
1.9748858213424683 0.0
1.9921174049377441 0.0
1.981699824333191 0.0
1.9805376529693604 0.0
1.974403738975525 0.0
1.981654167175293 0.0
1.9789873361587524 0.0
1.9764295816421509 0.0
1.9785330295562744 0.0
1.979354739189148 0.0
1.9858158826828003 0.0
1.9716148376464844 0.0
1.9723933935165405 0.0
1.977159023284912 0.0
1.9728220701217651 0.0
1.9802881479263306 0.0
1.9704214334487915 0.0
1.9838916063308716 0.0
1.9785736799240112 0.0
1.9775936603546143 0.0
1.9793246984481812 0.0
1.9798940420150757 0.0
1.9724313020706177 0.0
1.9774165153503418 0.0
1.975892186164856 0.0
1.9664345979690552 0.0
1.9725379943847656 0.0
1.9721204042434692 0.0
1.9775660037994385 0.0
1.9689494371414185 0.0
1.961539626121521 0.0
1.967237114906311 0.0
1.9683388471603394 0.0
1.9705324172973633 0.0
1.9737248420715332 0.0
1.970864176750183 0.0
1.9595186710357666 0.0
1.9648507833480835 0.0
1.9770852327346802 0.0
1.9702789783477783 0.0
1.9693806171417236 0.0
1.9717837572097778 0.0
1.9727203845977783 0.0
1.9660348892211914 0.0
1.9624309539794922 0.0
1.973266839981079 0.0
1.9577473402023315 0.0
1.9764196872711182 0.0
1.9765504598617554 0.0
1.9676417112350464 0.0
1.9570717811584473 0.0
1.9661461114883423 0.0
1.9643185138702393 0.0
1.9720765352249146 0.0
1.972670078277588 0.0
1.964284896850586 0.0
1.9661917686462402 0.0
1.9678030014038086 0.0
1.9616774320602417 0.0
1.9670706987380981 0.0
1.9582613706588745 0.0
1.9658327102661133 0.0
1.9670013189315796 0.0
1.9661593437194824 0.0
1.9706484079360962 0.0
1.9672460556030273 0.0
1.9665993452072144 0.0
1.964073896408081 0.0
1.9587398767471313 0.0
1.9604504108428955 0.0
1.966950535774231 0.0
1.972033143043518 0.0
1.9647862911224365 0.0
1.9673157930374146 0.0
1.9670504331588745 0.0
1.9656246900558472 0.0
1.968827486038208 0.0
1.9661812782287598 0.0
1.968268871307373 0.0
1.9688520431518555 0.0
1.9659700393676758 0.0
1.9622669219970703 0.0
1.9658620357513428 0.0
1.9626290798187256 0.0
1.964155673980713 0.0
1.9630948305130005 0.0
1.9642010927200317 0.0
1.960683822631836 0.0
1.9696542024612427 0.0
1.9614403247833252 0.0
1.9596577882766724 0.0
1.96063232421875 0.0
1.9637091159820557 0.0
1.9748311042785645 0.0
1.9721639156341553 0.0
1.960488200187683 0.0
1.9637662172317505 0.0
1.9701449871063232 0.0
1.9735091924667358 0.0
1.9289780855178833 0.0
1.9331836700439453 0.0
1.9387274980545044 0.0
1.9403668642044067 0.0
1.9413646459579468 0.0
1.9318416118621826 0.0
1.9339357614517212 0.0
1.935164213180542 0.0
1.937549352645874 0.0
1.9415924549102783 0.0
1.9364515542984009 0.0
1.9360020160675049 0.0
1.9392122030258179 0.0
1.9297899007797241 0.0
1.9430655241012573 0.0
1.9384245872497559 0.0
1.934517502784729 0.0
1.9380388259887695 0.0
1.9324740171432495 0.0
1.933375597000122 0.0
1.9441481828689575 0.0
1.9328651428222656 0.0
1.9296817779541016 0.0
1.9422917366027832 0.0
1.9365599155426025 0.0
1.9395842552185059 0.0
1.9399092197418213 0.0
1.9384455680847168 0.0
1.9402320384979248 0.0
1.9429985284805298 0.0
1.9454760551452637 0.0
1.9493969678878784 0.0
1.9422558546066284 0.0
1.9467943906784058 0.0
1.9387797117233276 0.0
1.9395453929901123 0.0
1.9402886629104614 0.0
1.9442389011383057 0.0
1.9425715208053589 0.0
1.9502434730529785 0.0
1.9464820623397827 0.0
1.9394652843475342 0.0
1.9440110921859741 0.0
1.9438655376434326 0.0
1.9464759826660156 0.0
1.9451806545257568 0.0
1.9411840438842773 0.0
1.9405304193496704 0.0
1.9375245571136475 0.0
1.9509973526000977 0.0
1.9439594745635986 0.0
1.9410349130630493 0.0
1.9487570524215698 0.0
inf 0.0
inf 0.0
inf 0.0
inf 0.0
inf 0.0
inf 0.0
inf 0.0
inf 0.0
inf 0.0
inf 0.0
inf 0.0
inf 0.0
inf 0.0
inf 0.0
inf 0.0
inf 0.0
inf 0.0
inf 0.0
inf 0.0
inf 0.0
inf 0.0
inf 0.0
inf 0.0
inf 0.0
inf 0.0
inf 0.0
inf 0.0
inf 0.0
inf 0.0
inf 0.0
inf 0.0
inf 0.0
inf 0.0
inf 0.0
inf 0.0
inf 0.0
inf 0.0
inf 0.0
inf 0.0
inf 0.0
inf 0.0
inf 0.0
inf 0.0
inf 0.0
inf 0.0
inf 0.0
inf 0.0
inf 0.0
inf 0.0
inf 0.0
inf 0.0
inf 0.0
inf 0.0
inf 0.0
inf 0.0
inf 0.0
inf 0.0
inf 0.0
inf 0.0
20.30858039855957 0.0
20.244539260864258 0.0
20.247495651245117 0.0
20.098173141479492 0.0
19.921260833740234 0.0
19.925968170166016 0.0
19.75146484375 0.0
19.57744026184082 0.0
19.407182693481445 0.0
19.239824295043945 0.0
19.07870864868164 0.0
19.080177307128906 0.0
18.922304153442383 0.0
18.770503997802734 0.0
18.605791091918945 0.0
18.455886840820312 0.0
18.306398391723633 0.0
18.161165237426758 0.0
18.156879425048828 0.0
18.01217269897461 0.0
17.869384765625 0.0
17.728864669799805 0.0
17.59378433227539 0.0
17.45876693725586 0.0
17.320741653442383 0.0
17.33136749267578 0.0
17.19830894470215 0.0
17.060333251953125 0.0
16.942153930664062 0.0
16.82613182067871 0.0
16.69976234436035 0.0
16.69331932067871 0.0
16.570703506469727 0.0
16.463197708129883 0.0
16.345720291137695 0.0
15.959173202514648 0.0
15.880350112915039 0.0
15.891626358032227 0.0
15.902618408203125 0.0
15.889737129211426 0.0
15.788729667663574 0.0
15.670924186706543 0.0
15.572142601013184 0.0
15.47203254699707 0.0
15.366856575012207 0.0
15.274266242980957 0.0
15.272543907165527 0.0
15.168966293334961 0.0
15.076875686645508 0.0
14.974379539489746 0.0
14.884427070617676 0.0
14.795052528381348 0.0
13.638420104980469 2000.0
13.59014892578125 2000.0
13.592231750488281 2000.0
13.590332984924316 2000.0
13.583443641662598 2000.0
13.572439193725586 2000.0
13.577608108520508 2000.0
13.589856147766113 2000.0
13.606595039367676 2000.0
14.006101608276367 0.0
14.004866600036621 0.0
13.926937103271484 0.0
13.855339050292969 0.0
13.762715339660645 0.0
13.686735153198242 0.0
13.606781959533691 0.0
13.53378963470459 0.0
13.463531494140625 0.0
13.465932846069336 0.0
13.39499568939209 0.0
13.310011863708496 0.0
13.248518943786621 0.0
13.162503242492676 0.0
13.102039337158203 0.0
13.030560493469238 0.0
12.951610565185547 0.0
12.891059875488281 0.0
12.894369125366211 0.0
12.831623077392578 0.0
12.749496459960938 0.0
12.688748359680176 0.0
12.630313873291016 0.0
12.570451736450195 0.0
12.494148254394531 0.0
12.436777114868164 0.0
12.376413345336914 0.0
12.310420036315918 0.0
12.311084747314453 0.0
12.25002670288086 0.0
12.199789047241211 0.0
12.138703346252441 0.0
12.076553344726562 0.0
11.809774398803711 0.0
11.762565612792969 0.0
11.707709312438965 0.0
11.703349113464355 0.0
11.706122398376465 0.0
11.720316886901855 0.0
11.722123146057129 0.0
11.69207763671875 0.0
11.635868072509766 0.0
11.583142280578613 0.0
11.529105186462402 0.0
11.474831581115723 0.0
11.424928665161133 0.0
11.37826919555664 0.0
11.336095809936523 0.0
11.264291763305664 0.0
11.222787857055664 0.0
11.174413681030273 0.0
11.128098487854004 0.0
11.092684745788574 0.0
11.083857536315918 0.0
11.04062557220459 0.0
10.995794296264648 0.0
10.94127082824707 0.0
10.904260635375977 0.0
10.850662231445312 0.0
10.817203521728516 0.0
10.772353172302246 0.0
10.714964866638184 0.0
10.684066772460938 0.0
10.634599685668945 0.0
10.59646987915039 0.0
10.552691459655762 0.0
10.508920669555664 0.0
10.472875595092773 0.0
10.430200576782227 0.0
10.389490127563477 0.0
10.396162033081055 0.0
10.351448059082031 0.0
10.310369491577148 0.0
10.274177551269531 0.0
10.234309196472168 0.0
10.203313827514648 0.0
10.151925086975098 0.0
10.12032413482666 0.0
10.094033241271973 0.0
10.051450729370117 0.0
10.01125717163086 0.0
9.970914840698242 0.0
9.945695877075195 0.0
9.903450965881348 0.0
9.872146606445312 0.0
9.836048126220703 0.0
9.796757698059082 0.0
9.753482818603516 0.0
9.735536575317383 0.0
9.684233665466309 0.0
9.658659934997559 0.0
9.624205589294434 0.0
9.593918800354004 0.0
9.56470012664795 0.0
9.526259422302246 0.0
9.513407707214355 0.0
9.474430084228516 0.0
9.43792724609375 0.0
9.406494140625 0.0
9.377829551696777 0.0
9.359766960144043 0.0
9.3101167678833 0.0
9.286361694335938 0.0
9.253880500793457 0.0
9.225242614746094 0.0
9.195596694946289 0.0
9.168914794921875 0.0
9.135269165039062 0.0
9.115135192871094 0.0
9.072721481323242 0.0
9.059992790222168 0.0
9.017705917358398 0.0
9.001787185668945 0.0
8.990445137023926 0.0
8.951703071594238 0.0
8.920736312866211 0.0
8.900078773498535 0.0
8.870940208435059 0.0
8.835100173950195 0.0
8.813790321350098 0.0
8.789323806762695 0.0
8.772907257080078 0.0
8.750844955444336 0.0
8.712854385375977 0.0
8.695648193359375 0.0
8.651392936706543 0.0
8.640412330627441 0.0
8.618577003479004 0.0
8.594115257263184 0.0
8.566488265991211 0.0
8.548632621765137 0.0
8.523384094238281 0.0
8.496879577636719 0.0
8.477348327636719 0.0
8.456666946411133 0.0
8.426868438720703 0.0
8.37997055053711 0.0
8.361649513244629 0.0
8.336277961730957 0.0
8.312703132629395 0.0
8.293712615966797 0.0
8.275101661682129 0.0
8.256814956665039 0.0
8.22424602508545 0.0
8.214422225952148 0.0
8.182064056396484 0.0
8.163946151733398 0.0
8.153519630432129 0.0
8.129790306091309 0.0
8.111613273620605 0.0
8.095321655273438 0.0
8.048139572143555 0.0
8.027939796447754 0.0
8.004526138305664 0.0
7.994829177856445 0.0
7.964251518249512 0.0
7.953880786895752 0.0
7.9329986572265625 0.0
7.774052619934082 0.0
7.757899761199951 0.0
7.7384209632873535 0.0
7.697628498077393 0.0
7.6853203773498535 0.0
7.673227787017822 0.0
7.6543755531311035 0.0
7.6522626876831055 0.0
7.665301322937012 0.0
7.665873050689697 0.0
7.669876575469971 0.0
7.679462909698486 0.0
7.654353618621826 0.0
7.655534267425537 0.0
7.636723041534424 0.0
7.616657257080078 0.0
7.59404993057251 0.0
7.577116966247559 0.0
7.565298557281494 0.0
7.556280612945557 0.0
7.510214805603027 0.0
7.503098964691162 0.0
7.48590612411499 0.0
7.459385395050049 0.0
7.452855587005615 0.0
7.4360175132751465 0.0
7.400930404663086 0.0
7.39203405380249 0.0
7.377626419067383 0.0
7.3612236976623535 0.0
7.341562747955322 0.0
7.339359283447266 0.0
7.305947303771973 0.0
7.293226718902588 0.0
7.276904582977295 0.0
7.266719818115234 0.0
7.247663497924805 0.0
7.224290370941162 0.0
7.208219528198242 0.0
7.192045211791992 0.0
7.1757426261901855 0.0
7.162977695465088 0.0
7.158390045166016 0.0
7.1346659660339355 0.0
7.120480060577393 0.0
7.1011762619018555 0.0
7.085285186767578 0.0
7.069766044616699 0.0
7.048257350921631 0.0
7.032862186431885 0.0
7.0201416015625 0.0
7.008283615112305 0.0
7.004601955413818 0.0
6.975949287414551 0.0
6.954545021057129 0.0
6.957541465759277 0.0
6.9334306716918945 0.0
6.905604839324951 0.0
6.894674301147461 0.0
6.882132530212402 0.0
6.874833106994629 0.0
6.847179412841797 0.0
6.837770462036133 0.0
6.826549053192139 0.0
6.814748764038086 0.0
6.789982795715332 0.0
6.786064624786377 0.0
6.776980876922607 0.0
6.756999969482422 0.0
6.739852428436279 0.0
6.7309064865112305 0.0
6.7134575843811035 0.0
6.69948148727417 0.0
6.676082134246826 0.0
6.677387714385986 0.0
6.66315221786499 0.0
6.63850736618042 0.0
6.632749080657959 0.0
6.634450912475586 0.0
6.609011650085449 0.0
6.594776153564453 0.0
6.588323593139648 0.0
6.563131809234619 0.0
6.564630508422852 0.0
6.54291296005249 0.0
6.546799659729004 0.0
6.512781620025635 0.0
6.512137413024902 0.0
6.493073463439941 0.0
6.4792399406433105 0.0
6.460927486419678 0.0
6.461356163024902 0.0
6.446054458618164 0.0
6.421228885650635 0.0
6.414637088775635 0.0
6.40612268447876 0.0
6.400675296783447 0.0
6.374175071716309 0.0
6.368236541748047 0.0
6.367990016937256 0.0
6.343348979949951 0.0
6.3308515548706055 0.0
6.3202385902404785 0.0
6.312232971191406 0.0
6.296463966369629 0.0
6.27424430847168 0.0
6.276559352874756 0.0
6.260498046875 0.0
6.258635520935059 0.0
6.2406206130981445 0.0
6.220595836639404 0.0
6.226248264312744 0.0
6.20460844039917 0.0
6.191412925720215 0.0
6.198248863220215 0.0
6.174622058868408 0.0
6.167300224304199 0.0
6.160731315612793 0.0
6.141837120056152 0.0
6.1328959465026855 0.0
6.1221160888671875 0.0
6.107560157775879 0.0
6.096957206726074 0.0
6.100716590881348 0.0
6.078996658325195 0.0
6.072641372680664 0.0
6.060287952423096 0.0
6.050467014312744 0.0
6.043724536895752 0.0
6.034491062164307 0.0
6.016028881072998 0.0
6.005334854125977 0.0
6.001585006713867 0.0
5.993350028991699 0.0
5.975533485412598 0.0
5.978644847869873 0.0
5.958115100860596 0.0
5.955984115600586 0.0
5.945842266082764 0.0
5.934919357299805 0.0
5.915710926055908 0.0
5.908960342407227 0.0
5.903524875640869 0.0
5.888819694519043 0.0
5.876513481140137 0.0
5.873538017272949 0.0
5.865670204162598 0.0
5.85306978225708 0.0
5.844141960144043 0.0
5.835873126983643 0.0
5.827817440032959 0.0
5.826047420501709 0.0
5.803232669830322 0.0
5.80084753036499 0.0
5.784152984619141 0.0
5.769263744354248 0.0
5.769602298736572 0.0
5.762763500213623 0.0
5.745675086975098 0.0
5.740522861480713 0.0
5.727155685424805 0.0
5.73202657699585 0.0
5.711136817932129 0.0
5.704071044921875 0.0
5.6932692527771 0.0
5.694868087768555 0.0
5.679618835449219 0.0
5.663004398345947 0.0
5.660864353179932 0.0
5.65000057220459 0.0
5.649909019470215 0.0
5.641486644744873 0.0
5.634497165679932 0.0
5.61683464050293 0.0
5.611171722412109 0.0
5.60904598236084 0.0
5.594297409057617 0.0
5.5853118896484375 0.0
5.5915961265563965 0.0
5.576658725738525 0.0
5.561483860015869 0.0
5.563953399658203 0.0
5.544200897216797 0.0
5.532078742980957 0.0
5.5262532234191895 0.0
5.521462440490723 0.0
5.516059398651123 0.0
5.502078533172607 0.0
5.507699012756348 0.0
5.4987335205078125 0.0
5.479654312133789 0.0
5.482344150543213 0.0
5.464473247528076 0.0
5.462706089019775 0.0
5.452028751373291 0.0
5.451286792755127 0.0
5.442615985870361 0.0
5.435123443603516 0.0
5.42933988571167 0.0
5.414028644561768 0.0
5.416349411010742 0.0
5.399112701416016 0.0
5.398473262786865 0.0
5.385256290435791 0.0
5.382236957550049 0.0
5.364608287811279 0.0
5.356960773468018 0.0
5.3579487800598145 0.0
5.347071170806885 0.0
5.342052459716797 0.0
5.339754104614258 0.0
5.336256980895996 0.0
5.323951244354248 0.0
5.316162586212158 0.0
5.315756797790527 0.0
5.312636852264404 0.0
5.294303894042969 0.0
5.28571891784668 0.0
5.284762382507324 0.0
5.278637409210205 0.0
5.2763142585754395 0.0
5.262291431427002 0.0
5.25778341293335 0.0
5.244528293609619 0.0
5.238552570343018 0.0
5.228551387786865 0.0
5.239135265350342 0.0
5.224191665649414 0.0
5.210072994232178 0.0
5.208650588989258 0.0
5.204873085021973 0.0
5.196338176727295 0.0
5.1990766525268555 0.0
5.181824207305908 0.0
5.184939861297607 0.0
5.169869422912598 0.0
5.161303520202637 0.0
5.154178619384766 0.0
5.162233829498291 0.0
5.155197620391846 0.0
5.131943225860596 0.0
5.131985187530518 0.0
5.118108749389648 0.0
5.1228718757629395 0.0
5.115352630615234 0.0
5.1060895919799805 0.0
5.109414577484131 0.0
5.0950927734375 0.0
5.101467132568359 0.0
5.092408657073975 0.0
5.083334922790527 0.0
5.072206020355225 0.0
5.070740222930908 0.0
5.054109573364258 0.0
5.061493873596191 0.0
5.050547122955322 0.0
5.042617321014404 0.0
5.045118808746338 0.0
5.033095359802246 0.0
5.0362982749938965 0.0
5.025934219360352 0.0
5.010471343994141 0.0
5.00399112701416 0.0
5.018803596496582 0.0
5.005902290344238 0.0
5.002645492553711 0.0
4.984858989715576 0.0
4.985594272613525 0.0
4.980806827545166 0.0
4.982392311096191 0.0
4.967113494873047 0.0
4.962367057800293 0.0
4.959958076477051 0.0
4.955944538116455 0.0
4.9483160972595215 0.0
4.950972080230713 0.0
4.941355228424072 0.0
4.926154136657715 0.0
4.921444892883301 0.0
4.907775402069092 0.0
4.909583568572998 0.0
4.916568279266357 0.0
4.913716793060303 0.0
4.902677536010742 0.0
4.885941505432129 0.0
4.900848388671875 0.0
4.888409614562988 0.0
4.886122703552246 0.0
4.88302755355835 0.0
4.861426830291748 0.0
4.863521099090576 0.0
4.851813793182373 0.0
4.856171131134033 0.0
4.8483405113220215 0.0
4.844715118408203 0.0
4.843482494354248 0.0
4.834118843078613 0.0
4.840394973754883 0.0
4.835104465484619 0.0
4.820310115814209 0.0
4.816568374633789 0.0
4.807880878448486 0.0
4.814247131347656 0.0
4.804677486419678 0.0
4.803257465362549 0.0
4.799511432647705 0.0
4.799621105194092 0.0
4.788736343383789 0.0
4.7821455001831055 0.0
4.779703617095947 0.0
4.772576808929443 0.0
4.764636039733887 0.0
4.7696027755737305 0.0
4.761253833770752 0.0
4.742180347442627 0.0
4.744204044342041 0.0
4.746423721313477 0.0
4.737590312957764 0.0
4.747516632080078 0.0
4.730327606201172 0.0
4.728108882904053 0.0
4.716190338134766 0.0
4.712460994720459 0.0
4.710553169250488 0.0
4.715520858764648 0.0
4.713345050811768 0.0
4.699464797973633 0.0
4.713712215423584 0.0
4.693079471588135 0.0
4.691494464874268 0.0
4.6828765869140625 0.0
4.687152862548828 0.0
4.679759979248047 0.0
4.674953937530518 0.0
4.678041458129883 0.0
4.664589881896973 0.0
4.661324977874756 0.0
4.668371677398682 0.0
4.647451400756836 0.0
4.649641036987305 0.0
4.650454521179199 0.0
4.651476860046387 0.0
4.636312961578369 0.0
4.644181251525879 0.0
4.631835460662842 0.0
4.62717342376709 0.0
4.623173236846924 0.0
4.621749401092529 0.0
4.621776580810547 0.0
4.533248424530029 0.0
4.529930114746094 0.0
4.522233963012695 0.0
4.516567707061768 0.0
4.519337177276611 0.0
4.517611026763916 0.0
4.51383113861084 0.0
4.516447067260742 0.0
4.503126621246338 0.0
4.4934468269348145 0.0
4.5023603439331055 0.0
4.498352527618408 0.0
4.49044942855835 0.0
4.488412380218506 0.0
4.487131595611572 0.0
4.274190902709961 2000.0
4.253538131713867 2000.0
4.238740921020508 2000.0
4.225553512573242 2000.0
4.2181830406188965 2000.0
4.219660758972168 2000.0
4.215812683105469 2000.0
4.217239856719971 2000.0
4.204677104949951 2000.0
4.206096649169922 2000.0
4.203104496002197 2000.0
4.185269832611084 2000.0
4.200746536254883 2000.0
4.1936821937561035 2000.0
4.205984592437744 2000.0
4.187001705169678 2000.0
4.194314002990723 2000.0
4.196368217468262 2000.0
4.204176425933838 2000.0
4.199171543121338 2000.0
4.200888633728027 2000.0
4.216177463531494 2000.0
4.214718818664551 2000.0
4.219438552856445 2000.0
4.220479488372803 2000.0
4.23342227935791 2000.0
4.238994598388672 2000.0
4.244122505187988 2000.0
4.25099515914917 2000.0
4.269898414611816 2000.0
4.9444475173950195 0.0
4.962498188018799 0.0
4.984334945678711 0.0
5.0002312660217285 0.0
5.0183210372924805 0.0
5.054927349090576 0.0
5.073659896850586 0.0
5.081480026245117 0.0
5.10684061050415 0.0
5.122490882873535 0.0
5.148257255554199 0.0
5.169732570648193 0.0
5.19395637512207 0.0
5.2085371017456055 0.0
5.232723712921143 0.0
5.258034706115723 0.0
5.253787517547607 0.0
5.269469261169434 0.0
5.289831161499023 0.0
5.313804626464844 0.0
5.345407962799072 0.0
5.369140148162842 0.0
5.393945693969727 0.0
5.410684108734131 0.0
5.443231105804443 0.0
5.4633402824401855 0.0
5.485426425933838 0.0
5.508554458618164 0.0
5.537075042724609 0.0
5.555264472961426 0.0
5.563131809234619 0.0
5.582386493682861 0.0
5.606208324432373 0.0
5.6338934898376465 0.0
5.66135311126709 0.0
5.676601409912109 0.0
5.712300777435303 0.0
5.737245082855225 0.0
5.773512840270996 0.0
5.787656784057617 0.0
5.820580005645752 0.0
5.819712162017822 0.0
5.846630573272705 0.0
5.878639221191406 0.0
5.902472496032715 0.0
5.934920787811279 0.0
5.972317218780518 0.0
5.998713970184326 0.0
6.022359848022461 0.0
6.058370113372803 0.0
6.089491844177246 0.0
6.126659870147705 0.0
6.118189334869385 0.0
6.14659309387207 0.0
6.188022136688232 0.0
6.2089009284973145 0.0
6.252261161804199 0.0
6.290986061096191 0.0
6.318906307220459 0.0
6.308284759521484 0.0
6.310934543609619 0.0
6.3114495277404785 0.0
6.320849418640137 0.0
6.361523628234863 0.0
6.382937431335449 0.0
6.426684856414795 0.0
10.166221618652344 0.0
10.152573585510254 0.0
10.15929126739502 0.0
10.154081344604492 0.0
10.147937774658203 0.0
10.128619194030762 0.0
10.134210586547852 0.0
10.121030807495117 0.0
10.123825073242188 0.0
10.12881851196289 0.0
10.112580299377441 0.0
10.110725402832031 0.0
10.102956771850586 0.0
10.105048179626465 0.0
10.10046100616455 0.0
10.095985412597656 0.0
10.09556770324707 0.0
10.077953338623047 0.0
10.076249122619629 0.0
10.08240032196045 0.0
10.078023910522461 0.0
10.06636905670166 0.0
10.068737983703613 0.0
10.052207946777344 0.0
10.052163124084473 0.0
10.052366256713867 0.0
10.045738220214844 0.0
10.03878402709961 0.0
10.035740852355957 0.0
10.040273666381836 0.0
10.028096199035645 0.0
10.022272109985352 0.0
10.014644622802734 0.0
10.015898704528809 0.0
10.00393009185791 0.0
9.997675895690918 0.0
10.00014591217041 0.0
10.004351615905762 0.0
9.991143226623535 0.0
9.983113288879395 0.0
9.983421325683594 0.0
9.991692543029785 0.0
9.9756441116333 0.0
9.975887298583984 0.0
9.978480339050293 0.0
9.9660062789917 0.0
9.962077140808105 0.0
9.960148811340332 0.0
9.95154094696045 0.0
9.954137802124023 0.0
9.96042251586914 0.0
9.949082374572754 0.0
9.938301086425781 0.0
9.942317008972168 0.0
9.938568115234375 0.0
9.936842918395996 0.0
9.931594848632812 0.0
9.928279876708984 0.0
9.846174240112305 0.0
9.85020637512207 0.0
9.839183807373047 0.0
9.844965934753418 0.0
9.843334197998047 0.0
9.829239845275879 0.0
9.830789566040039 0.0
9.823448181152344 0.0
9.821798324584961 0.0
9.812847137451172 0.0
9.845515251159668 0.0
9.948904991149902 0.0
10.198816299438477 0.0
10.305091857910156 0.0
10.40463924407959 0.0
10.406586647033691 0.0
10.502971649169922 0.0
10.602049827575684 0.0
10.723862648010254 0.0
10.822216987609863 0.0
10.934127807617188 0.0
10.946514129638672 0.0
11.047961235046387 0.0
11.168207168579102 0.0
11.292817115783691 0.0
11.398640632629395 0.0
11.5349760055542 0.0
11.53420352935791 0.0
11.65745735168457 0.0
11.774230003356934 0.0
11.769817352294922 0.0
11.89543628692627 0.0
11.886504173278809 0.0
20.21504020690918 0.0
20.20930290222168 0.0
20.196741104125977 0.0
12.083405494689941 2000.0
12.060094833374023 2000.0
12.048110008239746 2000.0
12.04885196685791 2000.0
12.034361839294434 2000.0
12.037135124206543 2000.0
12.042572021484375 2000.0
12.05478286743164 2000.0
12.047734260559082 2000.0
12.071348190307617 2000.0
12.133942604064941 2000.0
20.148155212402344 0.0
20.129873275756836 0.0
20.144054412841797 0.0
20.126611709594727 0.0
20.123369216918945 0.0
20.120601654052734 0.0
20.113910675048828 0.0
20.104536056518555 0.0
20.112478256225586 0.0
20.10977554321289 0.0
20.103851318359375 0.0
20.091934204101562 0.0
20.09585952758789 0.0
20.09825325012207 0.0
20.084325790405273 0.0
20.085063934326172 0.0
20.08369255065918 0.0
20.07073402404785 0.0
20.083511352539062 0.0
20.079225540161133 0.0
20.06889533996582 0.0
20.057781219482422 0.0
20.059223175048828 0.0
20.058677673339844 0.0
20.053482055664062 0.0
20.05159568786621 0.0
20.04818344116211 0.0
20.032766342163086 0.0
20.038415908813477 0.0
20.046302795410156 0.0
20.047460556030273 0.0
20.036937713623047 0.0
20.02284812927246 0.0
20.029184341430664 0.0
20.027185440063477 0.0
20.02544403076172 0.0
20.02039337158203 0.0
20.0196590423584 0.0
20.024551391601562 0.0
20.006587982177734 0.0
20.023277282714844 0.0
20.009366989135742 0.0
20.006818771362305 0.0
20.00128173828125 0.0
19.997602462768555 0.0
20.008651733398438 0.0
19.997970581054688 0.0
20.003887176513672 0.0
19.99307632446289 0.0
19.980775833129883 0.0
19.991750717163086 0.0
19.978151321411133 0.0
19.985891342163086 0.0
19.974830627441406 0.0
19.97672462463379 0.0
19.97682762145996 0.0
19.97661018371582 0.0
19.971923828125 0.0
19.971359252929688 0.0
19.967924118041992 0.0
19.96560287475586 0.0
19.96518325805664 0.0
19.97249412536621 0.0
19.967296600341797 0.0
19.9652042388916 0.0
19.95911979675293 0.0
19.955781936645508 0.0
19.95937156677246 0.0
19.967741012573242 0.0
19.95281219482422 0.0
19.948047637939453 0.0
19.966442108154297 0.0
19.958223342895508 0.0
19.95404052734375 0.0
19.952808380126953 0.0
19.955102920532227 0.0
19.959592819213867 0.0
19.954513549804688 0.0
19.961904525756836 0.0
19.961336135864258 0.0
19.9554500579834 0.0
19.950929641723633 0.0
19.94559097290039 0.0
19.941333770751953 0.0
19.94384002685547 0.0
19.951684951782227 0.0
19.95851707458496 0.0
19.94821548461914 0.0
19.938325881958008 0.0
19.947162628173828 0.0
19.955942153930664 0.0
19.95102310180664 0.0
19.95816421508789 0.0
19.951091766357422 0.0
19.95048713684082 0.0
19.961091995239258 0.0
19.953693389892578 0.0
19.945444107055664 0.0
19.94974136352539 0.0
19.955034255981445 0.0
19.95293617248535 0.0
19.944900512695312 0.0
19.961524963378906 0.0
19.956693649291992 0.0
19.956172943115234 0.0
19.95380973815918 0.0
19.962646484375 0.0
19.967269897460938 0.0
19.96597671508789 0.0
19.968271255493164 0.0
19.964153289794922 0.0
19.96177864074707 0.0
19.96563720703125 0.0
19.96311378479004 0.0
19.968164443969727 0.0
19.96994400024414 0.0
19.965206146240234 0.0
19.971662521362305 0.0
19.97970962524414 0.0
19.974138259887695 0.0
19.98594856262207 0.0
19.98041343688965 0.0
19.967506408691406 0.0
19.977174758911133 0.0
19.977869033813477 0.0
19.981550216674805 0.0
19.987716674804688 0.0
19.989517211914062 0.0
19.990779876708984 0.0
19.994417190551758 0.0
19.98080825805664 0.0
19.998159408569336 0.0
19.99958610534668 0.0
19.997756958007812 0.0
20.001691818237305 0.0
20.015214920043945 0.0
20.001605987548828 0.0
19.998151779174805 0.0
20.00188446044922 0.0
20.020021438598633 0.0
20.01764488220215 0.0
11.94271183013916 0.0
11.923186302185059 0.0
11.919500350952148 0.0
8.106651306152344 2000.0
8.079760551452637 2000.0
8.062043190002441 2000.0
8.060158729553223 2000.0
8.051033020019531 2000.0
8.044663429260254 2000.0
8.031546592712402 2000.0
8.036110877990723 2000.0
8.039374351501465 2000.0
8.051217079162598 2000.0
8.047574043273926 2000.0
8.054340362548828 2000.0
8.066299438476562 2000.0
8.074159622192383 2000.0
8.102559089660645 2000.0
8.105173110961914 2000.0
9.184897422790527 0.0
9.03343677520752 0.0
8.80911922454834 0.0
8.741580963134766 0.0
8.354216575622559 0.0
8.355134010314941 0.0
8.357508659362793 0.0
8.371542930603027 0.0
8.406681060791016 0.0
8.408462524414062 0.0
8.407463073730469 0.0
8.398172378540039 0.0
8.397849082946777 0.0
8.411334037780762 0.0
8.4221830368042 0.0
8.413188934326172 0.0
8.40739917755127 0.0
8.420856475830078 0.0
8.419121742248535 0.0
8.407266616821289 0.0
8.432107925415039 0.0
8.418888092041016 0.0
9.4881010055542 0.0
9.364297866821289 0.0
9.327134132385254 0.0
9.222071647644043 0.0
9.086875915527344 0.0
9.080575942993164 0.0
8.976072311401367 0.0
8.887675285339355 0.0
8.788246154785156 0.0
8.678420066833496 0.0
8.55903434753418 0.0
8.567347526550293 0.0
8.468915939331055 0.0
8.453657150268555 0.0
8.45293140411377 0.0
8.465301513671875 0.0
8.452834129333496 0.0
8.459729194641113 0.0
8.459175109863281 0.0
8.479461669921875 0.0
8.44134521484375 0.0
8.434797286987305 0.0
8.431194305419922 0.0
8.43186092376709 0.0
8.44579029083252 0.0
8.44809627532959 0.0
8.447665214538574 0.0
8.440465927124023 0.0
8.44855785369873 0.0
8.452232360839844 0.0
8.451854705810547 0.0
20.064096450805664 2000.0
20.01978874206543 2000.0
20.001663208007812 2000.0
20.004514694213867 2000.0
20.007848739624023 2000.0
20.028491973876953 2000.0
20.076744079589844 2000.0
20.371559143066406 0.0
20.394023895263672 0.0
20.390003204345703 0.0
20.40159034729004 0.0
20.40826988220215 0.0
20.41655921936035 0.0
20.434492111206055 0.0
20.431461334228516 0.0
20.441038131713867 0.0
20.444889068603516 0.0
20.45782470703125 0.0
20.465639114379883 0.0
20.47133445739746 0.0
20.485187530517578 0.0
20.492244720458984 0.0
20.4724063873291 0.0
20.488250732421875 0.0
20.505128860473633 0.0
20.517091751098633 0.0
20.518152236938477 0.0
20.535600662231445 0.0
20.53765296936035 0.0
20.546764373779297 0.0
20.548603057861328 0.0
20.56479835510254 0.0
20.568653106689453 0.0
20.573406219482422 0.0
20.579965591430664 0.0
20.601932525634766 0.0
20.601919174194336 0.0
20.605772018432617 0.0
20.617361068725586 0.0
20.62127113342285 0.0
20.63983917236328 0.0
20.64693832397461 0.0
20.651700973510742 0.0
20.657976150512695 0.0
20.665607452392578 0.0
20.67363739013672 0.0
20.67754364013672 0.0
20.703916549682617 0.0
20.70671272277832 0.0
20.716075897216797 0.0
20.731416702270508 0.0
20.7241153717041 0.0
20.73502540588379 0.0
20.753738403320312 0.0
20.760251998901367 0.0
20.775691986083984 0.0
20.78399658203125 0.0
20.789941787719727 0.0
20.799705505371094 0.0
20.802684783935547 0.0
20.82297706604004 0.0
20.820768356323242 0.0
20.83774185180664 0.0
20.855026245117188 0.0
20.855159759521484 0.0
20.870384216308594 0.0
20.872867584228516 0.0
20.882444381713867 0.0
20.896425247192383 0.0
20.90679931640625 0.0
20.91101837158203 0.0
20.937149047851562 0.0
20.94443702697754 0.0
20.94901466369629 0.0
20.97051239013672 0.0
20.968076705932617 0.0
20.979150772094727 0.0
20.983400344848633 0.0
20.99730110168457 0.0
2.2451252937316895 2000.0
2.217697858810425 2000.0
2.2100400924682617 2000.0
2.197286367416382 2000.0
2.1928555965423584 2000.0
2.1773197650909424 2000.0
2.187795877456665 2000.0
2.1815083026885986 2000.0
2.179276943206787 2000.0
2.175302743911743 2000.0
2.1674349308013916 2000.0
2.167773485183716 2000.0
2.1615967750549316 2000.0
2.1592016220092773 2000.0
2.1655755043029785 2000.0
2.1599619388580322 2000.0
2.161062717437744 2000.0
2.1558353900909424 2000.0
2.152949810028076 2000.0
2.1531267166137695 2000.0
2.138237237930298 2000.0
2.149232864379883 2000.0
2.147697687149048 2000.0
2.146681308746338 2000.0
2.1488170623779297 2000.0
2.153163194656372 2000.0
2.1501624584198 2000.0
2.136178493499756 2000.0
2.147623062133789 2000.0
2.1510088443756104 2000.0
2.1447389125823975 2000.0
2.1489367485046387 2000.0
2.154646158218384 2000.0
2.147266149520874 2000.0
2.1465699672698975 2000.0
2.1553664207458496 2000.0
2.157148599624634 2000.0
2.1517019271850586 2000.0
2.1507251262664795 2000.0
2.1507151126861572 2000.0
2.155707836151123 2000.0
2.1615474224090576 2000.0
2.154270887374878 2000.0
2.1644957065582275 2000.0
2.154963731765747 2000.0
2.1671104431152344 2000.0
2.163019895553589 2000.0
2.1679558753967285 2000.0
2.1783502101898193 2000.0
2.1764752864837646 2000.0
2.185777425765991 2000.0
2.1880710124969482 2000.0
2.184471607208252 2000.0
2.1995372772216797 2000.0
2.2051641941070557 2000.0
2.2189364433288574 2000.0
2.2390952110290527 2000.0
10.022188186645508 0.0
10.022181510925293 0.0
10.01633071899414 0.0
10.017410278320312 0.0
9.98319149017334 0.0
9.941880226135254 0.0
9.91176700592041 0.0
9.87437915802002 0.0
9.837890625 0.0
9.793172836303711 0.0
9.768043518066406 0.0
9.724889755249023 0.0
9.676920890808105 0.0
9.63933277130127 0.0
9.600914001464844 0.0
9.572328567504883 0.0
9.557682037353516 0.0
9.528013229370117 0.0
9.4885892868042 0.0
9.46651840209961 0.0
9.435096740722656 0.0
9.39515209197998 0.0
9.365824699401855 0.0
9.331948280334473 0.0
9.219890594482422 0.0
9.214638710021973 0.0
9.212862968444824 0.0
9.224299430847168 0.0
9.263073921203613 0.0
9.275182723999023 0.0
9.282011985778809 0.0
9.298212051391602 0.0
9.299567222595215 0.0
9.299914360046387 0.0
9.320114135742188 0.0
9.318010330200195 0.0
9.329548835754395 0.0
9.33363151550293 0.0
9.730097770690918 0.0
9.686017036437988 0.0
9.668479919433594 0.0
9.631246566772461 0.0
9.609474182128906 0.0
9.584285736083984 0.0
9.543075561523438 0.0
9.506608963012695 0.0
9.486347198486328 0.0
2.1240999698638916 0.0
2.1159682273864746 0.0
2.1190547943115234 0.0
2.1030988693237305 0.0
2.1069424152374268 0.0
2.1124792098999023 0.0
2.0970568656921387 0.0
2.1040470600128174 0.0
2.1159656047821045 0.0
2.108276605606079 0.0
2.119138240814209 0.0
2.1101858615875244 0.0
2.1183114051818848 0.0
2.122405767440796 0.0
2.100881338119507 0.0
2.088843584060669 0.0
2.0844886302948 0.0
2.0823755264282227 0.0
2.071176290512085 0.0
2.0692412853240967 0.0
2.0571422576904297 0.0
2.056946277618408 0.0
2.0476131439208984 0.0
2.04917311668396 0.0
2.037290334701538 0.0
2.0380682945251465 0.0
2.03074049949646 0.0
2.0173747539520264 0.0
2.0116467475891113 0.0
2.0055243968963623 0.0
2.0061051845550537 0.0
2.0019068717956543 0.0
1.9917998313903809 0.0
1.9859346151351929 0.0
1.9901930093765259 0.0
1.9737844467163086 0.0
1.9687153100967407 0.0
1.9624061584472656 0.0
1.9648408889770508 0.0
1.9529176950454712 0.0
1.948875069618225 0.0
1.9384225606918335 0.0
1.9382703304290771 0.0
1.9384921789169312 0.0
1.9279353618621826 0.0
1.9173401594161987 0.0
1.9234482049942017 0.0
1.916330099105835 0.0
1.9154112339019775 0.0
1.9099384546279907 0.0
1.8940436840057373 0.0
1.8952734470367432 0.0
1.893347144126892 0.0
1.890154242515564 0.0
1.8841514587402344 0.0
1.8824517726898193 0.0
1.8739482164382935 0.0
1.8724722862243652 0.0
1.862172245979309 0.0
1.860620379447937 0.0
1.8578070402145386 0.0
1.849366545677185 0.0
1.846266508102417 0.0
1.8353136777877808 0.0
1.8371400833129883 0.0
1.8372915983200073 0.0
1.8359733819961548 0.0
1.8245254755020142 0.0
1.8169361352920532 0.0
1.818631649017334 0.0
1.8182088136672974 0.0
1.8057459592819214 0.0
1.8021373748779297 0.0
1.7993446588516235 0.0
1.788222074508667 0.0
1.7865982055664062 0.0
1.7837929725646973 0.0
1.786086916923523 0.0
1.7752937078475952 0.0
1.7720117568969727 0.0
1.7757233381271362 0.0
1.7666112184524536 0.0
1.7725136280059814 0.0
1.7528376579284668 0.0
1.7525153160095215 0.0
1.7485945224761963 0.0
1.752492070198059 0.0
1.7429591417312622 0.0
1.7328859567642212 0.0
1.7419904470443726 0.0
1.7267086505889893 0.0
1.7249882221221924 0.0
1.7229806184768677 0.0
1.7162623405456543 0.0
1.7222710847854614 0.0
1.7208507061004639 0.0
1.709403157234192 0.0
1.7168909311294556 0.0
1.7022937536239624 0.0
1.6922929286956787 0.0
1.6985985040664673 0.0
1.692960262298584 0.0
1.6888855695724487 0.0
1.6822439432144165 0.0
1.6773592233657837 0.0
1.6822706460952759 0.0
1.6740871667861938 0.0
1.6809767484664917 0.0
1.6872516870498657 0.0
1.6708544492721558 0.0
1.6590626239776611 0.0
1.6639031171798706 0.0
1.651807188987732 0.0
1.6538612842559814 0.0
1.6553213596343994 0.0
1.6509387493133545 0.0
1.6400429010391235 0.0
1.6487627029418945 0.0
1.6439990997314453 0.0
1.6372120380401611 0.0
1.625938057899475 0.0
1.6339702606201172 0.0
1.621693730354309 0.0
1.618164300918579 0.0
1.6190948486328125 0.0
1.6086629629135132 0.0
1.6165024042129517 0.0
1.614879846572876 0.0
1.6088589429855347 0.0
1.6044586896896362 0.0
1.5921189785003662 0.0
1.5945204496383667 0.0
1.5861133337020874 0.0
1.5924668312072754 0.0
1.5933257341384888 0.0
1.5811467170715332 0.0
1.5831254720687866 0.0
1.5784788131713867 0.0
1.573354959487915 0.0
1.5700929164886475 0.0
1.5696678161621094 0.0
1.5668984651565552 0.0
1.5513112545013428 0.0
1.5556527376174927 0.0
1.5448094606399536 0.0
1.558850646018982 0.0
1.5536925792694092 0.0
1.5479984283447266 0.0
1.5479806661605835 0.0
1.5481761693954468 0.0
1.5410230159759521 0.0
1.537312388420105 0.0
1.5262091159820557 0.0
1.5300103425979614 0.0
1.525923728942871 0.0
1.5208770036697388 0.0
1.5189909934997559 0.0
1.5157082080841064 0.0
1.512320637702942 0.0
1.5172611474990845 0.0
1.506911039352417 0.0
1.5148435831069946 0.0
1.5030333995819092 0.0
1.503218173980713 0.0
1.4972827434539795 0.0
1.4973341226577759 0.0
1.4887408018112183 0.0
1.4890213012695312 0.0
1.4917372465133667 0.0
1.4974955320358276 0.0
1.4910236597061157 0.0
1.4843859672546387 0.0
1.4794750213623047 0.0
1.4781773090362549 0.0
1.4622828960418701 0.0
1.4682469367980957 0.0
1.4762393236160278 0.0
1.4729386568069458 0.0
1.4659734964370728 0.0
1.4614375829696655 0.0
1.4518485069274902 0.0
1.4481197595596313 0.0
1.46042001247406 0.0
1.456050992012024 0.0
1.4520981311798096 0.0
1.4526091814041138 0.0
1.4534170627593994 0.0
1.4452025890350342 0.0
1.435919165611267 0.0
1.4400696754455566 0.0
1.4277704954147339 0.0
1.431349277496338 0.0
1.4299510717391968 0.0
1.423852562904358 0.0
1.4264613389968872 0.0
1.4221769571304321 0.0
1.4314658641815186 0.0
1.3883732557296753 0.0
1.384935975074768 0.0
1.385915756225586 0.0
1.376597285270691 0.0
1.384716510772705 0.0
1.3758552074432373 0.0
1.3702874183654785 0.0
1.3777854442596436 0.0
1.3766026496887207 0.0
1.3626525402069092 0.0
1.3763446807861328 0.0
1.3682935237884521 0.0
1.3725006580352783 0.0
1.36953604221344 0.0
1.38232421875 0.0
1.3787587881088257 0.0
1.381066083908081 0.0
1.3817689418792725 0.0
1.3841437101364136 0.0
1.3848347663879395 0.0
1.3890115022659302 0.0
1.3934167623519897 0.0
1.404911756515503 0.0
1.3898766040802002 0.0
1.3856641054153442 0.0
1.3876599073410034 0.0
1.387068748474121 0.0
1.3763444423675537 0.0
1.3790351152420044 0.0
1.371232509613037 0.0
1.387999415397644 0.0
1.369300365447998 0.0
1.3812397718429565 0.0
1.3709890842437744 0.0
1.3684215545654297 0.0
1.368364930152893 0.0
1.3591094017028809 0.0
1.3669332265853882 0.0
1.3638355731964111 0.0
1.3665496110916138 0.0
1.3499202728271484 0.0
1.3570209741592407 0.0
1.3573133945465088 0.0
1.3493118286132812 0.0
1.3448853492736816 0.0
1.3405574560165405 0.0
1.3392425775527954 0.0
1.3371742963790894 0.0
1.3363555669784546 0.0
1.3446506261825562 0.0
1.3365415334701538 0.0
1.3334295749664307 0.0
1.3424105644226074 0.0
1.331201195716858 0.0
1.3290948867797852 0.0
1.331573247909546 0.0
1.3312296867370605 0.0
1.3230518102645874 0.0
1.3267265558242798 0.0
1.3204569816589355 0.0
1.323382019996643 0.0
1.3270704746246338 0.0
1.3231145143508911 0.0
1.3145138025283813 0.0
1.3239662647247314 0.0
1.3164525032043457 0.0
1.307752013206482 0.0
1.3034234046936035 0.0
1.307207703590393 0.0
1.3092519044876099 0.0
1.3106051683425903 0.0
1.2987674474716187 0.0
1.3043431043624878 0.0
1.3052667379379272 0.0
1.2934209108352661 0.0
1.2965636253356934 0.0
1.3027163743972778 0.0
1.2906792163848877 0.0
1.2941017150878906 0.0
1.2955715656280518 0.0
1.2923362255096436 0.0
1.294730544090271 0.0
1.2898749113082886 0.0
1.290895700454712 0.0
1.2977694272994995 0.0
1.27524733543396 0.0
1.2788047790527344 0.0
1.2840873003005981 0.0
1.2827017307281494 0.0
1.2758952379226685 0.0
1.2748894691467285 0.0
1.2758387327194214 0.0
1.2743281126022339 0.0
1.266492247581482 0.0
1.2701184749603271 0.0
1.263222336769104 0.0
1.2700532674789429 0.0
1.2665566205978394 0.0
1.258125901222229 0.0
1.2634086608886719 0.0
1.2601988315582275 0.0
1.2533397674560547 0.0
1.2560837268829346 0.0
1.2604503631591797 0.0
1.2518450021743774 0.0
1.2506093978881836 0.0
1.2572752237319946 0.0
1.2423948049545288 0.0
1.2505757808685303 0.0
1.2479939460754395 0.0
1.2579095363616943 0.0
1.245766282081604 0.0
1.243337869644165 0.0
1.2367444038391113 0.0
1.2489477396011353 0.0
1.243638038635254 0.0
1.2402172088623047 0.0
1.2361817359924316 0.0
1.2305353879928589 0.0
1.2284892797470093 0.0
1.2471661567687988 0.0
1.2314085960388184 0.0
1.233984351158142 0.0
1.236178994178772 0.0
1.2297810316085815 0.0
1.2295787334442139 0.0
1.2316889762878418 0.0
1.215299129486084 0.0
1.2192115783691406 0.0
1.2259044647216797 0.0
1.219130516052246 0.0
1.212958574295044 0.0
1.2203010320663452 0.0
1.2153401374816895 0.0
1.2173103094100952 0.0
1.214064598083496 0.0
1.2125155925750732 0.0
1.2136539220809937 0.0
1.2125333547592163 0.0
1.2100303173065186 0.0
1.2080374956130981 0.0
1.2087340354919434 0.0
1.2026242017745972 0.0
1.2152858972549438 0.0
1.2018245458602905 0.0
1.2019935846328735 0.0
1.201068639755249 0.0
1.2028225660324097 0.0
1.209710955619812 0.0
1.2034248113632202 0.0
1.199991226196289 0.0
1.1987793445587158 0.0
1.1882573366165161 0.0
1.196925401687622 0.0
1.1953296661376953 0.0
1.2000480890274048 0.0
1.2042237520217896 0.0
1.2015544176101685 0.0
1.1808406114578247 0.0
1.1822017431259155 0.0
1.1768763065338135 0.0
1.1674041748046875 0.0
1.1753512620925903 0.0
1.1748636960983276 0.0
1.1715818643569946 0.0
1.1739381551742554 0.0
1.1686986684799194 0.0
1.1648831367492676 0.0
1.159424066543579 0.0
1.168010950088501 0.0
1.1643390655517578 0.0
1.1655672788619995 0.0
1.1634200811386108 0.0
1.1612085103988647 0.0
1.1551212072372437 0.0
1.1627967357635498 0.0
1.153180480003357 0.0
1.15294349193573 0.0
1.1544184684753418 0.0
1.153298258781433 0.0
1.155027151107788 0.0
1.151633858680725 0.0
1.1405739784240723 0.0
1.1595133543014526 0.0
1.1461596488952637 0.0
1.1473586559295654 0.0
1.1545600891113281 0.0
1.149478793144226 0.0
1.1486231088638306 0.0
1.1471391916275024 0.0
1.1490179300308228 0.0
1.1411949396133423 0.0
1.1509934663772583 0.0
1.1437088251113892 0.0
1.138633131980896 0.0
1.1509640216827393 0.0
1.1444735527038574 0.0
1.1315809488296509 0.0
1.1369799375534058 0.0
1.1372400522232056 0.0
1.1428922414779663 0.0
1.1287511587142944 0.0
1.1355438232421875 0.0
1.1365480422973633 0.0
1.13176691532135 0.0
1.1319880485534668 0.0
1.1266757249832153 0.0
1.1278917789459229 0.0
1.1283209323883057 0.0
1.1359308958053589 0.0
1.1242738962173462 0.0
1.1161646842956543 0.0
1.1337298154830933 0.0
1.1182500123977661 0.0
1.1257041692733765 0.0
1.1327606439590454 0.0
1.1202819347381592 0.0
1.1227591037750244 0.0
1.1203453540802002 0.0
1.112971305847168 0.0
1.1167546510696411 0.0
1.113927960395813 0.0
1.122105360031128 0.0
1.1105289459228516 0.0
1.1186388731002808 0.0
1.1197296380996704 0.0
1.1159175634384155 0.0
1.114452600479126 0.0
1.124979019165039 0.0
1.1054855585098267 0.0
1.1007025241851807 0.0
1.1050262451171875 0.0
1.1139178276062012 0.0
1.1069252490997314 0.0
1.1106034517288208 0.0
1.1060432195663452 0.0
1.1113076210021973 0.0
1.10322904586792 0.0
1.1063871383666992 0.0
1.1057344675064087 0.0
1.1073864698410034 0.0
1.109470248222351 0.0
1.1218165159225464 0.0
1.1249210834503174 0.0
1.1263548135757446 0.0
1.120556354522705 0.0
1.112553358078003 0.0
1.1014198064804077 0.0
1.1109586954116821 0.0
1.1087725162506104 0.0
1.1045764684677124 0.0
1.1033246517181396 0.0
1.105257272720337 0.0
1.1085855960845947 0.0
1.106780767440796 0.0
1.094000220298767 0.0
1.1028739213943481 0.0
1.0843788385391235 0.0
1.1033082008361816 0.0
1.098638892173767 0.0
1.113224983215332 0.0
1.0974992513656616 0.0
1.0918984413146973 0.0
1.093517541885376 0.0
1.1014430522918701 0.0
1.1047279834747314 0.0
1.098508358001709 0.0
1.0944297313690186 0.0
1.0948182344436646 0.0
1.0903702974319458 0.0
1.0952750444412231 0.0
1.092223882675171 0.0
1.100329875946045 0.0
1.0960512161254883 0.0
1.087177038192749 0.0
1.0930497646331787 0.0
1.0846264362335205 0.0
1.0874342918395996 0.0
1.0898488759994507 0.0
1.0925774574279785 0.0
1.086279273033142 0.0
1.0816506147384644 0.0
1.0892696380615234 0.0
1.093950629234314 0.0
1.0884745121002197 0.0
1.0805703401565552 0.0
1.0852601528167725 0.0
1.0899602174758911 0.0
1.0851093530654907 0.0
1.0876401662826538 0.0
1.0775927305221558 0.0
1.079042673110962 0.0
1.079086184501648 0.0
1.0853309631347656 0.0
1.076458215713501 0.0
1.08628249168396 0.0
1.0711302757263184 0.0
1.0777689218521118 0.0
1.0728893280029297 0.0
1.0771914720535278 0.0
1.0756237506866455 0.0
1.0756486654281616 0.0
1.072371482849121 0.0
1.0665199756622314 0.0
1.0767124891281128 0.0
1.0776631832122803 0.0
1.0734846591949463 0.0
1.0771783590316772 0.0
1.076405644416809 0.0
1.0642597675323486 0.0
1.0644956827163696 0.0
1.0662708282470703 0.0
1.0712944269180298 0.0
1.0692535638809204 0.0
1.0678527355194092 0.0
1.057533621788025 0.0
1.060560703277588 0.0
1.0699955224990845 0.0
1.065141201019287 0.0
1.0538883209228516 0.0
1.0665221214294434 0.0
1.0624569654464722 0.0
1.0629254579544067 0.0
1.063111424446106 0.0
1.0640376806259155 0.0
1.06016206741333 0.0
1.0635850429534912 0.0
1.0601205825805664 0.0
1.0651487112045288 0.0
1.0646131038665771 0.0
1.062063455581665 0.0
1.0638576745986938 0.0
1.0675371885299683 0.0
1.0552464723587036 0.0
1.0595307350158691 0.0
1.06428861618042 0.0
1.0654128789901733 0.0
1.0825769901275635 0.0
1.0806975364685059 0.0
1.054397463798523 0.0
1.0576543807983398 0.0
1.0505750179290771 0.0
1.0583038330078125 0.0
1.0516594648361206 0.0
1.053584098815918 0.0
1.0530961751937866 0.0
1.0511044263839722 0.0
1.0506823062896729 0.0
1.0545876026153564 0.0
1.058593511581421 0.0
1.0557039976119995 0.0
1.0483241081237793 0.0
1.0548735857009888 0.0
1.0531086921691895 0.0
1.0432454347610474 0.0
1.0486599206924438 0.0
1.050788402557373 0.0
1.050641417503357 0.0
1.0597866773605347 0.0
1.053145408630371 0.0
1.0485948324203491 0.0
1.0390218496322632 0.0
1.0480709075927734 0.0
1.0461424589157104 0.0
1.0519919395446777 0.0
1.0498366355895996 0.0
1.0471594333648682 0.0
1.0496116876602173 0.0
1.0439454317092896 0.0
1.0386409759521484 0.0
1.0469199419021606 0.0
1.0435818433761597 0.0
1.0416147708892822 0.0
1.0459134578704834 0.0
1.0392844676971436 0.0
1.0403220653533936 0.0
1.045393466949463 0.0
1.046019196510315 0.0
1.037495493888855 0.0
1.0452994108200073 0.0
1.0367741584777832 0.0
1.0451709032058716 0.0
1.0398999452590942 0.0
1.0311739444732666 0.0
1.0465219020843506 0.0
1.0348354578018188 0.0
1.0422078371047974 0.0
1.0410922765731812 0.0
1.0305362939834595 0.0
1.0347877740859985 0.0
1.0391285419464111 0.0
1.0302815437316895 0.0
1.0346394777297974 0.0
1.0456513166427612 0.0
1.0353749990463257 0.0
1.0402394533157349 0.0
1.0331352949142456 0.0
1.0306960344314575 0.0
1.0428885221481323 0.0
1.0344531536102295 0.0
1.037648320198059 0.0
1.0318763256072998 0.0
1.0371090173721313 0.0
1.0327906608581543 0.0
1.040715217590332 0.0
1.0398070812225342 0.0
1.0442595481872559 0.0
1.030768871307373 0.0
1.0394188165664673 0.0
1.0398297309875488 0.0
1.0392168760299683 0.0
1.0341383218765259 0.0
1.0412689447402954 0.0
1.0412254333496094 0.0
1.0301556587219238 0.0
1.0405319929122925 0.0
1.0453070402145386 0.0
1.0290095806121826 0.0
1.0305598974227905 0.0
1.0307725667953491 0.0
1.0326329469680786 0.0
1.0280742645263672 0.0
1.0302120447158813 0.0
1.0296634435653687 0.0
1.028113603591919 0.0
1.0278359651565552 0.0
1.0306756496429443 0.0
1.038835048675537 0.0
1.02903151512146 0.0
1.0385578870773315 0.0
1.0288527011871338 0.0
1.0366705656051636 0.0
1.0295031070709229 0.0
1.0288289785385132 0.0
1.0250123739242554 0.0
1.027209758758545 0.0
1.034450888633728 0.0
1.047451138496399 0.0
1.0516345500946045 0.0
1.0751112699508667 0.0
1.0953706502914429 0.0
1.1270171403884888 0.0
1.1455105543136597 0.0
1.150953769683838 0.0
0.9998961687088013 0.0
0.9919887185096741 0.0
0.9885991215705872 0.0
0.984153151512146 0.0
0.994698166847229 0.0
0.9944507479667664 0.0
0.9832388162612915 0.0
0.9891005158424377 0.0
0.9805017113685608 0.0
0.9979274272918701 0.0
0.9827775359153748 0.0
0.9934898018836975 0.0
0.9909698963165283 0.0
0.978132426738739 0.0
0.990790605545044 0.0
0.9902645945549011 0.0
0.993007242679596 0.0
0.9884534478187561 0.0
0.9901107549667358 0.0
0.9922041893005371 0.0
0.9832423329353333 0.0
1.0069669485092163 0.0
1.0177828073501587 0.0
1.011564016342163 0.0
1.0168355703353882 0.0
1.0150786638259888 0.0
1.023210883140564 0.0
1.015006184577942 0.0
1.0217534303665161 0.0
1.0156363248825073 0.0
1.010097622871399 0.0
1.020912528038025 0.0
1.0114578008651733 0.0
1.02018141746521 0.0
1.0162943601608276 0.0
1.0141301155090332 0.0
1.0122076272964478 0.0
1.0191643238067627 0.0
1.005345106124878 0.0
1.0108909606933594 0.0
1.0161396265029907 0.0
1.0117396116256714 0.0
1.015222430229187 0.0
1.0117295980453491 0.0
1.0189602375030518 0.0
1.0104550123214722 0.0
1.0155560970306396 0.0
1.016955852508545 0.0
1.0245013236999512 0.0
1.0115796327590942 0.0
1.0186069011688232 0.0
1.0171606540679932 0.0
1.0203477144241333 0.0
1.0116182565689087 0.0
1.0104353427886963 0.0
1.0215872526168823 0.0
1.0172966718673706 0.0
1.0044447183609009 0.0
1.0213592052459717 0.0
1.0107468366622925 0.0
1.0128811597824097 0.0
1.0187366008758545 0.0
1.0148780345916748 0.0
1.0140286684036255 0.0
1.007595419883728 0.0
1.0107845067977905 0.0
1.018242359161377 0.0
1.0158096551895142 0.0
1.0124218463897705 0.0
1.0180162191390991 0.0
1.0280067920684814 0.0
1.0107225179672241 0.0
1.0206729173660278 0.0
1.0165208578109741 0.0
1.0196177959442139 0.0
1.0131429433822632 0.0
1.025468349456787 0.0
1.018005132675171 0.0
1.0158072710037231 0.0
1.0175341367721558 0.0
1.0181994438171387 0.0
1.018173336982727 0.0
1.018754243850708 0.0
1.0194711685180664 0.0
1.0066354274749756 0.0
1.0160425901412964 0.0
1.017438530921936 0.0
1.0165623426437378 0.0
1.0148556232452393 0.0
1.013323426246643 0.0
1.028834342956543 0.0
1.0155518054962158 0.0
1.0193848609924316 0.0
1.0228350162506104 0.0
1.0117000341415405 0.0
1.017745018005371 0.0
1.0164783000946045 0.0
1.0278353691101074 0.0
1.020132303237915 0.0
1.0176619291305542 0.0
1.0184794664382935 0.0
1.012824296951294 0.0
1.0194820165634155 0.0
1.0173238515853882 0.0
1.011383295059204 0.0
1.0190331935882568 0.0
1.0257495641708374 0.0
1.017685890197754 0.0
1.0223538875579834 0.0
1.0263595581054688 0.0
1.0245693922042847 0.0
1.0181705951690674 0.0
1.0185779333114624 0.0
1.0058175325393677 0.0
1.016688346862793 0.0
1.0119396448135376 0.0
1.0178719758987427 0.0
1.02113676071167 0.0
1.0251638889312744 0.0
1.0646432638168335 0.0
1.0410197973251343 0.0
1.0289380550384521 0.0
1.019423484802246 0.0
1.014238715171814 0.0
1.0228372812271118 0.0
1.017486333847046 0.0
1.0183618068695068 0.0
1.009647250175476 0.0
1.0155839920043945 0.0
1.0189622640609741 0.0
1.0193877220153809 0.0
1.0160974264144897 0.0
1.0252882242202759 0.0
1.0157973766326904 0.0
1.0172972679138184 0.0
1.0217375755310059 0.0
1.027854561805725 0.0
1.0262315273284912 0.0
1.015152931213379 0.0
1.026911973953247 0.0
1.0232548713684082 0.0
1.0217465162277222 0.0
1.0167893171310425 0.0
1.0259664058685303 0.0
1.0231249332427979 0.0
1.0245897769927979 0.0
1.022644281387329 0.0
1.0321651697158813 0.0
1.0181578397750854 0.0
1.022434949874878 0.0
1.0213950872421265 0.0
1.0174758434295654 0.0
1.0198392868041992 0.0
1.0254366397857666 0.0
1.024714708328247 0.0
1.025543451309204 0.0
1.0301538705825806 0.0
1.0209159851074219 0.0
1.0301275253295898 0.0
1.0231170654296875 0.0
1.0193021297454834 0.0
1.0309263467788696 0.0
1.0277436971664429 0.0
1.0347259044647217 0.0
1.0292274951934814 0.0
1.0268833637237549 0.0
1.0220247507095337 0.0
1.0308374166488647 0.0
1.0252480506896973 0.0
1.0373131036758423 0.0
1.027253270149231 0.0
1.028170108795166 0.0
1.0289843082427979 0.0
1.0385007858276367 0.0
1.034726858139038 0.0
1.0333861112594604 0.0
1.034096598625183 0.0
1.027209758758545 0.0
1.026450753211975 0.0
1.0290639400482178 0.0
1.0393229722976685 0.0
1.0348873138427734 0.0
1.0291931629180908 0.0
1.0389069318771362 0.0
1.0275981426239014 0.0
1.0259097814559937 0.0
1.0428602695465088 0.0
1.0290286540985107 0.0
1.0370265245437622 0.0
1.0414347648620605 0.0
1.0422446727752686 0.0
1.0302690267562866 0.0
1.0387659072875977 0.0
1.0336731672286987 0.0
1.0392662286758423 0.0
1.0354514122009277 0.0
1.037414789199829 0.0
1.0373762845993042 0.0
1.0337669849395752 0.0
1.043463110923767 0.0
1.0430443286895752 0.0
1.041334867477417 0.0
1.0460829734802246 0.0
1.040271282196045 0.0
1.0506227016448975 0.0
1.032431960105896 0.0
1.0359323024749756 0.0
1.0509617328643799 0.0
1.0473185777664185 0.0
1.048678994178772 0.0
1.0458968877792358 0.0
1.0451041460037231 0.0
1.0508320331573486 0.0
1.0393166542053223 0.0
1.045563817024231 0.0
1.0464484691619873 0.0
1.0523192882537842 0.0
1.0518646240234375 0.0
1.0466594696044922 0.0
1.046625018119812 0.0
1.0781749486923218 0.0
1.0758543014526367 0.0
1.0692201852798462 0.0
1.0635944604873657 0.0
1.0534964799880981 0.0
1.047003149986267 0.0
1.0541669130325317 0.0
1.0481185913085938 0.0
1.0507843494415283 0.0
1.053732991218567 0.0
1.0554534196853638 0.0
1.052901268005371 0.0
1.0550092458724976 0.0
1.0504010915756226 0.0
1.0529149770736694 0.0
1.0616576671600342 0.0
1.056957721710205 0.0
1.0538763999938965 0.0
1.0487794876098633 0.0
1.0539354085922241 0.0
1.0582990646362305 0.0
1.056358814239502 0.0
1.0614620447158813 0.0
1.0528656244277954 0.0
1.0545828342437744 0.0
1.0544400215148926 0.0
1.0612794160842896 0.0
1.0605255365371704 0.0
1.0634901523590088 0.0
1.060131311416626 0.0
1.0710883140563965 0.0
1.0647480487823486 0.0
1.0678404569625854 0.0
1.0624381303787231 0.0
1.0693436861038208 0.0
1.0661914348602295 0.0
1.0666745901107788 0.0
1.0651458501815796 0.0
1.070886254310608 0.0
1.0718584060668945 0.0
1.076490044593811 0.0
1.0619001388549805 0.0
1.0752688646316528 0.0
1.071659803390503 0.0
1.0714013576507568 0.0
1.0775915384292603 0.0
1.0734118223190308 0.0
1.0695699453353882 0.0
1.0748074054718018 0.0
1.0706534385681152 0.0
1.0669636726379395 0.0
1.0848826169967651 0.0
1.0789316892623901 0.0
1.0722200870513916 0.0
1.0671974420547485 0.0
1.0885900259017944 0.0
1.0806018114089966 0.0
1.075897455215454 0.0
1.085988163948059 0.0
1.0832403898239136 0.0
1.0800477266311646 0.0
1.0757955312728882 0.0
1.0780055522918701 0.0
1.0825835466384888 0.0
1.0792726278305054 0.0
1.0871351957321167 0.0
1.0887221097946167 0.0
1.0879998207092285 0.0
1.0845400094985962 0.0
1.093509554862976 0.0
1.0796266794204712 0.0
1.0994340181350708 0.0
1.0911527872085571 0.0
1.0881693363189697 0.0
1.0969237089157104 0.0
1.0860432386398315 0.0
1.097593069076538 0.0
1.0874162912368774 0.0
1.0946886539459229 0.0
1.0937469005584717 0.0
1.1005666255950928 0.0
1.088761806488037 0.0
1.0999491214752197 0.0
1.096402883529663 0.0
1.0949147939682007 0.0
1.089802861213684 0.0
1.1043779850006104 0.0
1.0994611978530884 0.0
1.1019951105117798 0.0
1.0954755544662476 0.0
1.1070942878723145 0.0
1.0940423011779785 0.0
1.108505129814148 0.0
1.0978492498397827 0.0
1.1055757999420166 0.0
1.1100152730941772 0.0
1.1322078704833984 0.0
1.1279089450836182 0.0
1.1157212257385254 0.0
1.125648856163025 0.0
1.1098777055740356 0.0
1.1131445169448853 0.0
1.1099404096603394 0.0
1.1150498390197754 0.0
1.1108931303024292 0.0
1.1048833131790161 0.0
1.109463095664978 0.0
1.1165398359298706 0.0
1.1229267120361328 0.0
1.126139521598816 0.0
1.11803138256073 0.0
1.1223795413970947 0.0
1.128095269203186 0.0
1.1168525218963623 0.0
1.1255192756652832 0.0
1.1188355684280396 0.0
1.1296356916427612 0.0
1.1228053569793701 0.0
1.1244466304779053 0.0
1.1260510683059692 0.0
1.1192420721054077 0.0
1.1323968172073364 0.0
1.1253281831741333 0.0
1.1420232057571411 0.0
1.1394044160842896 0.0
1.1407127380371094 0.0
1.133810043334961 0.0
1.126122236251831 0.0
1.1382468938827515 0.0
1.1462064981460571 0.0
1.132973074913025 0.0
1.1329967975616455 0.0
1.1369602680206299 0.0
1.1412255764007568 0.0
1.1375583410263062 0.0
1.1401903629302979 0.0
1.1413618326187134 0.0
1.1464768648147583 0.0
1.1438692808151245 0.0
1.1358864307403564 0.0
1.1508278846740723 0.0
1.150348424911499 0.0
1.1503101587295532 0.0
1.1473181247711182 0.0
1.151777982711792 0.0
1.1480531692504883 0.0
1.15603506565094 0.0
1.1569005250930786 0.0
1.1531696319580078 0.0
1.1521658897399902 0.0
1.1562910079956055 0.0
1.1512285470962524 0.0
1.163977861404419 0.0
1.1558955907821655 0.0
1.1631137132644653 0.0
1.15752375125885 0.0
1.1618006229400635 0.0
1.1698346138000488 0.0
1.1641976833343506 0.0
1.1738008260726929 0.0
1.1687345504760742 0.0
1.1685453653335571 0.0
1.1651419401168823 0.0
1.171775460243225 0.0
1.163435459136963 0.0
1.1730618476867676 0.0
1.1807079315185547 0.0
1.1811306476593018 0.0
1.184088110923767 0.0
1.1731743812561035 0.0
1.1756305694580078 0.0
1.1800578832626343 0.0
1.1819263696670532 0.0
1.181356430053711 0.0
1.1835172176361084 0.0
1.1820570230484009 0.0
1.1779320240020752 0.0
1.181404948234558 0.0
1.1933300495147705 0.0
1.1791565418243408 0.0
1.1859748363494873 0.0
1.2015926837921143 0.0
1.1983579397201538 0.0
1.1988600492477417 0.0
1.196522831916809 0.0
1.1981432437896729 0.0
1.1908105611801147 0.0
1.1870468854904175 0.0
1.197954535484314 0.0
1.2048746347427368 0.0
1.1988364458084106 0.0
1.1957545280456543 0.0
1.1985663175582886 0.0
1.2141221761703491 0.0
1.1990972757339478 0.0
1.2102692127227783 0.0
1.2064753770828247 0.0
1.209225058555603 0.0
1.2078858613967896 0.0
1.2089159488677979 0.0
1.2066256999969482 0.0
1.2102444171905518 0.0
1.215941309928894 0.0
1.2160183191299438 0.0
1.2197163105010986 0.0
1.2189503908157349 0.0
1.227123737335205 0.0
1.2179259061813354 0.0
1.2172285318374634 0.0
1.2139406204223633 0.0
1.220737099647522 0.0
1.2133961915969849 0.0
1.2234728336334229 0.0
1.2235212326049805 0.0
1.2122529745101929 0.0
1.2336539030075073 0.0
1.2276822328567505 0.0
1.2269728183746338 0.0
1.2420883178710938 0.0
1.2406599521636963 0.0
1.2347664833068848 0.0
1.2450451850891113 0.0
1.2454546689987183 0.0
1.2354662418365479 0.0
1.2449697256088257 0.0
1.240276575088501 0.0
1.2524257898330688 0.0
1.2531859874725342 0.0
1.242998719215393 0.0
1.244957685470581 0.0
1.2570664882659912 0.0
1.2495124340057373 0.0
1.2642114162445068 0.0
1.2653552293777466 0.0
1.259751558303833 0.0
1.2532857656478882 0.0
1.2627360820770264 0.0
1.2583779096603394 0.0
1.2534958124160767 0.0
1.2606087923049927 0.0
1.2636932134628296 0.0
1.2625118494033813 0.0
1.2643401622772217 0.0
1.2685829401016235 0.0
1.2797425985336304 0.0
1.2673283815383911 0.0
1.2660211324691772 0.0
1.2799711227416992 0.0
1.2805498838424683 0.0
1.2809011936187744 0.0
1.293076515197754 0.0
1.2835419178009033 0.0
1.2814255952835083 0.0
1.2872687578201294 0.0
1.2890983819961548 0.0
1.2821193933486938 0.0
1.2853074073791504 0.0
1.2845276594161987 0.0
1.2748820781707764 0.0
1.2808321714401245 0.0
1.271904706954956 0.0
1.274157166481018 0.0
1.2669578790664673 0.0
1.2690796852111816 0.0
1.279017448425293 0.0
1.2763932943344116 0.0
1.2744544744491577 0.0
1.2790242433547974 0.0
1.2805119752883911 0.0
1.2778961658477783 0.0
1.2824904918670654 0.0
1.2776010036468506 0.0
1.2898993492126465 0.0
1.2863061428070068 0.0
1.2923203706741333 0.0
1.2951349020004272 0.0
1.3416190147399902 0.0
1.349167823791504 0.0
1.346895456314087 0.0
1.3273426294326782 0.0
1.352331519126892 0.0
1.3437186479568481 0.0
1.3577377796173096 0.0
1.3549641370773315 0.0
1.3512699604034424 0.0
1.3517628908157349 0.0
1.3568214178085327 0.0
1.3591134548187256 0.0
1.36215341091156 0.0
1.3675413131713867 0.0
1.3612183332443237 0.0
1.3639819622039795 0.0
1.3750418424606323 0.0
1.3726284503936768 0.0
1.371120572090149 0.0
1.3722705841064453 0.0
1.3765835762023926 0.0
1.3804726600646973 0.0
1.3775149583816528 0.0
1.375799536705017 0.0
1.3858051300048828 0.0
1.3950567245483398 0.0
1.3847641944885254 0.0
1.3842766284942627 0.0
1.3911181688308716 0.0
1.3916198015213013 0.0
1.4024211168289185 0.0
1.4100415706634521 0.0
1.4013313055038452 0.0
1.4019153118133545 0.0
1.4014008045196533 0.0
1.4097175598144531 0.0
1.4090498685836792 0.0
1.4085204601287842 0.0
1.4127371311187744 0.0
1.422226905822754 0.0
1.4197384119033813 0.0
1.4206427335739136 0.0
1.4243947267532349 0.0
1.423401951789856 0.0
1.4325770139694214 0.0
1.4267044067382812 0.0
1.4252982139587402 0.0
1.437294363975525 0.0
1.4384645223617554 0.0
1.434830904006958 0.0
1.4290437698364258 0.0
1.4439464807510376 0.0
1.4457968473434448 0.0
1.44015371799469 0.0
1.4477416276931763 0.0
1.4551045894622803 0.0
1.4537118673324585 0.0
1.4568445682525635 0.0
1.4588919878005981 0.0
1.4526174068450928 0.0
1.4566493034362793 0.0
1.4668757915496826 0.0
1.472597360610962 0.0
1.4793580770492554 0.0
1.476381540298462 0.0
1.4670785665512085 0.0
1.474085807800293 0.0
1.4743369817733765 0.0
1.4843264818191528 0.0
1.480005145072937 0.0
1.4830402135849 0.0
1.4818657636642456 0.0
1.4913840293884277 0.0
1.4879705905914307 0.0
1.4993394613265991 0.0
1.4975966215133667 0.0
1.5003153085708618 0.0
1.505975365638733 0.0
1.5049535036087036 0.0
1.5124311447143555 0.0
1.515045166015625 0.0
1.52176034450531 0.0
1.5162461996078491 0.0
1.5276705026626587 0.0
1.5182673931121826 0.0
1.518351674079895 0.0
1.530640721321106 0.0
1.5294561386108398 0.0
1.527984857559204 0.0
1.5341441631317139 0.0
1.5411912202835083 0.0
1.5411369800567627 0.0
1.5468083620071411 0.0
1.5457340478897095 0.0
1.5426952838897705 0.0
1.554725170135498 0.0
1.558351755142212 0.0
1.5694724321365356 0.0
1.5679889917373657 0.0
1.560879111289978 0.0
1.5672658681869507 0.0
1.5555394887924194 0.0
1.5609216690063477 0.0
1.5614182949066162 0.0
1.5685770511627197 0.0
1.5620404481887817 0.0
1.5681296586990356 0.0
1.5684266090393066 0.0
1.5808407068252563 0.0
1.5689446926116943 0.0
1.5788803100585938 0.0
1.5769853591918945 0.0
1.5903370380401611 0.0
1.5871593952178955 0.0
1.58051335811615 0.0
1.594550371170044 0.0
1.6019365787506104 0.0
1.5966955423355103 0.0
1.607046127319336 0.0
1.605490803718567 0.0
1.606502652168274 0.0
1.6138453483581543 0.0
1.6184868812561035 0.0
1.6111185550689697 0.0
1.6335124969482422 0.0
1.6256941556930542 0.0
1.6205393075942993 0.0
1.6367579698562622 0.0
1.633256196975708 0.0
1.6329011917114258 0.0
1.6449825763702393 0.0
1.6529028415679932 0.0
1.642402172088623 0.0
1.6391973495483398 0.0
1.6588305234909058 0.0
1.6619856357574463 0.0
1.6716829538345337 0.0
1.6711325645446777 0.0
1.6694047451019287 0.0
1.669809341430664 0.0
1.6830463409423828 0.0
1.6806862354278564 0.0
1.6843739748001099 0.0
1.6915780305862427 0.0
1.7064968347549438 0.0
1.7125405073165894 0.0
1.7148526906967163 0.0
1.7142713069915771 0.0
1.7245864868164062 0.0
1.7214635610580444 0.0
1.722968339920044 0.0
1.7237755060195923 0.0
1.7319451570510864 0.0
1.7316597700119019 0.0
1.7380828857421875 0.0
1.7479723691940308 0.0
1.7578715085983276 0.0
1.7586438655853271 0.0
1.7618523836135864 0.0
1.7638707160949707 0.0
1.7629860639572144 0.0
1.7635740041732788 0.0
1.771077275276184 0.0
1.7733620405197144 0.0
1.775388479232788 0.0
1.7858612537384033 0.0
1.7968313694000244 0.0
1.7878934144973755 0.0
1.791629433631897 0.0
1.8034459352493286 0.0
1.8014668226242065 0.0
1.8148622512817383 0.0
1.8178683519363403 0.0
1.8187826871871948 0.0
1.8217076063156128 0.0
1.8216261863708496 0.0
1.8274742364883423 0.0
1.8358025550842285 0.0
1.8296403884887695 0.0
1.8458963632583618 0.0
1.8477870225906372 0.0
1.8454762697219849 0.0
1.8653450012207031 0.0
1.861350655555725 0.0
1.8675014972686768 0.0
1.8634006977081299 0.0
1.874160647392273 0.0
1.8755035400390625 0.0
1.8866089582443237 0.0
1.8771578073501587 0.0
1.8896253108978271 0.0
1.8995180130004883 0.0
1.8948571681976318 0.0
1.904570460319519 0.0
1.915226936340332 0.0
1.9008302688598633 0.0
1.9201115369796753 0.0
1.9352043867111206 0.0
1.9215463399887085 0.0
1.9274286031723022 0.0
1.9435566663742065 0.0
1.938552737236023 0.0
1.945803165435791 0.0
1.9513252973556519 0.0
1.955642819404602 0.0
1.9632925987243652 0.0
1.956209659576416 0.0
1.9781912565231323 0.0
1.977072834968567 0.0
1.978808879852295 0.0
1.9725186824798584 0.0
1.9712111949920654 0.0
1.9601649045944214 0.0
1.9585744142532349 0.0
1.9653364419937134 0.0
1.9574151039123535 0.0
1.965707778930664 0.0
1.9587628841400146 0.0
1.957937479019165 0.0
1.9619334936141968 0.0
1.9635627269744873 0.0
1.9746778011322021 0.0
1.9767429828643799 0.0
1.9806410074234009 0.0
11.455474853515625 0.0
11.465459823608398 0.0
11.450221061706543 0.0
11.435678482055664 0.0
11.418981552124023 0.0
11.409780502319336 0.0
11.407635688781738 0.0
11.39585018157959 0.0
11.390636444091797 0.0
11.372861862182617 0.0
11.365913391113281 0.0
11.35859203338623 0.0
11.343853950500488 0.0
11.332399368286133 0.0
11.331330299377441 0.0
11.31867790222168 0.0
11.310128211975098 0.0
11.294075965881348 0.0
11.295892715454102 0.0
11.283991813659668 0.0
11.270292282104492 0.0
11.261739730834961 0.0
11.255038261413574 0.0
10.874846458435059 2000.0
10.848679542541504 2000.0
10.82917594909668 2000.0
10.82446575164795 2000.0
10.814254760742188 2000.0
10.814573287963867 2000.0
10.806538581848145 2000.0
10.821417808532715 2000.0
10.834479331970215 2000.0
10.846184730529785 2000.0
10.87464427947998 2000.0
11.14324951171875 0.0
11.123120307922363 0.0
11.124417304992676 0.0
11.109773635864258 0.0
11.106463432312012 0.0
11.087520599365234 0.0
11.090412139892578 0.0
11.07819652557373 0.0
11.072422981262207 0.0
11.051366806030273 0.0
11.050164222717285 0.0
11.033143043518066 0.0
11.03203296661377 0.0
11.030813217163086 0.0
11.013787269592285 0.0
11.007241249084473 0.0
11.00129222869873 0.0
10.998002052307129 0.0
10.991110801696777 0.0
10.984696388244629 0.0
10.978535652160645 0.0
10.96835994720459 0.0
10.956659317016602 0.0
10.95399284362793 0.0
10.946320533752441 0.0
10.943227767944336 0.0
10.918559074401855 0.0
10.914031028747559 0.0
10.904003143310547 0.0
10.89786434173584 0.0
10.896123886108398 0.0
10.891557693481445 0.0
10.87385082244873 0.0
10.86723804473877 0.0
10.871047973632812 0.0
10.857319831848145 0.0
10.846760749816895 0.0
10.843931198120117 0.0
10.835728645324707 0.0
10.817144393920898 0.0
10.81332778930664 0.0
10.8065824508667 0.0
10.795736312866211 0.0
10.79871654510498 0.0
10.782310485839844 0.0
10.782149314880371 0.0
10.783823013305664 0.0
10.76685905456543 0.0
10.776927947998047 0.0
10.759119987487793 0.0
10.748342514038086 0.0
10.742932319641113 0.0
10.730923652648926 0.0
10.734155654907227 0.0
10.71804141998291 0.0
10.709054946899414 0.0
10.704904556274414 0.0
10.697845458984375 0.0
10.684316635131836 0.0
10.682265281677246 0.0
10.691413879394531 0.0
10.687186241149902 0.0
10.674609184265137 0.0
10.665275573730469 0.0
10.651976585388184 0.0
10.651137351989746 0.0
10.637223243713379 0.0
10.637298583984375 0.0
10.626340866088867 0.0
10.620326042175293 0.0
10.623312950134277 0.0
10.613309860229492 0.0
10.6143159866333 0.0
10.605907440185547 0.0
10.593605995178223 0.0
10.590027809143066 0.0
10.580484390258789 0.0
10.573410034179688 0.0
10.566548347473145 0.0
10.57425308227539 0.0
10.553816795349121 0.0
10.548236846923828 0.0
10.547446250915527 0.0
10.53893756866455 0.0
10.534543991088867 0.0
10.526636123657227 0.0
10.523109436035156 0.0
10.515257835388184 0.0
10.50368881225586 0.0
10.500368118286133 0.0
10.499727249145508 0.0
10.490986824035645 0.0
10.481483459472656 0.0
10.478666305541992 0.0
10.48202896118164 0.0
10.473442077636719 0.0
10.473848342895508 0.0
10.468067169189453 0.0
10.45075511932373 0.0
10.45938491821289 0.0
10.452788352966309 0.0
10.4423246383667 0.0
10.438668251037598 0.0
10.437832832336426 0.0
10.42546558380127 0.0
10.417823791503906 0.0
10.410661697387695 0.0
10.41193675994873 0.0
10.40478801727295 0.0
10.405440330505371 0.0
10.395181655883789 0.0
10.390874862670898 0.0
10.391010284423828 0.0
10.388936042785645 0.0
10.375222206115723 0.0
10.370903015136719 0.0
10.361490249633789 0.0
10.360511779785156 0.0
10.350584030151367 0.0
10.357704162597656 0.0
10.352209091186523 0.0
10.349940299987793 0.0
10.341695785522461 0.0
10.337342262268066 0.0
10.33366870880127 0.0
10.323271751403809 0.0
10.317923545837402 0.0
10.315206527709961 0.0
10.303378105163574 0.0
10.308450698852539 0.0
10.294903755187988 0.0
10.294126510620117 0.0
10.29838752746582 0.0
10.29037857055664 0.0
10.29247760772705 0.0
10.288829803466797 0.0
10.271352767944336 0.0
10.268747329711914 0.0
10.271621704101562 0.0
10.270846366882324 0.0
10.26227855682373 0.0
10.266266822814941 0.0
10.257795333862305 0.0
10.244279861450195 0.0
10.254680633544922 0.0
10.23586654663086 0.0
10.24252986907959 0.0
10.227960586547852 0.0
10.230293273925781 0.0
10.211312294006348 0.0
10.226516723632812 0.0
10.219752311706543 0.0
10.206225395202637 0.0
10.203716278076172 0.0
10.211884498596191 0.0
10.197032928466797 0.0
10.199366569519043 0.0
10.197975158691406 0.0
10.196971893310547 0.0
10.185973167419434 0.0
10.179649353027344 0.0
10.176913261413574 0.0
10.174068450927734 0.0
10.17232894897461 0.0
10.171769142150879 0.0
10.162398338317871 0.0
10.167887687683105 0.0
10.160456657409668 0.0
10.161367416381836 0.0
10.166792869567871 0.0
10.149751663208008 0.0
10.151801109313965 0.0
10.139593124389648 0.0
10.143731117248535 0.0
10.14728832244873 0.0
10.133864402770996 0.0
10.140069007873535 0.0
10.127224922180176 0.0
10.130523681640625 0.0
10.119156837463379 0.0
10.132146835327148 0.0
10.118515968322754 0.0
10.129720687866211 0.0
10.118785858154297 0.0
10.104324340820312 0.0
10.10694694519043 0.0
10.109819412231445 0.0
10.098742485046387 0.0
10.093017578125 0.0
10.086503982543945 0.0
10.096844673156738 0.0
10.09600830078125 0.0
10.08558464050293 0.0
10.079376220703125 0.0
10.078847885131836 0.0
10.085065841674805 0.0
10.071319580078125 0.0
10.081782341003418 0.0
10.075507164001465 0.0
10.065003395080566 0.0
10.07077693939209 0.0
10.059942245483398 0.0
10.06251049041748 0.0
10.0496187210083 0.0
10.055293083190918 0.0
10.058677673339844 0.0
10.049413681030273 0.0
10.039087295532227 0.0
10.046456336975098 0.0
10.045705795288086 0.0
10.041275978088379 0.0
10.034552574157715 0.0
10.040315628051758 0.0
10.029916763305664 0.0
10.03939437866211 0.0
10.03335952758789 0.0
10.025485038757324 0.0
10.018556594848633 0.0
10.022955894470215 0.0
10.030936241149902 0.0
10.018094062805176 0.0
10.033175468444824 0.0
10.018095016479492 0.0
10.018379211425781 0.0
10.004545211791992 0.0
10.019026756286621 0.0
10.020928382873535 0.0
10.00483512878418 0.0
10.004206657409668 0.0
9.993307113647461 0.0
10.01223373413086 0.0
10.013114929199219 0.0
10.007579803466797 0.0
10.002439498901367 0.0
9.987283706665039 0.0
10.000231742858887 0.0
9.987196922302246 0.0
9.984082221984863 0.0
9.997477531433105 0.0
9.99561882019043 0.0
9.990333557128906 0.0
9.99864387512207 0.0
9.988936424255371 0.0
9.97898006439209 0.0
9.982844352722168 0.0
9.980560302734375 0.0
9.982925415039062 0.0
9.988252639770508 0.0
9.985846519470215 0.0
9.97785758972168 0.0
9.974998474121094 0.0
9.975440979003906 0.0
9.980422019958496 0.0
9.979085922241211 0.0
9.974311828613281 0.0
9.977931022644043 0.0
9.966414451599121 0.0
9.9641695022583 0.0
9.97639274597168 0.0
9.964853286743164 0.0
9.973647117614746 0.0
9.957962989807129 0.0
9.96047306060791 0.0
9.963729858398438 0.0
9.95955753326416 0.0
9.96761417388916 0.0
9.970447540283203 0.0
9.956156730651855 0.0
9.966363906860352 0.0
9.952786445617676 0.0
9.959569931030273 0.0
9.962937355041504 0.0
9.954543113708496 0.0
9.957768440246582 0.0
9.960493087768555 0.0
9.952925682067871 0.0
9.953742980957031 0.0
9.957067489624023 0.0
9.96394157409668 0.0
9.960777282714844 0.0
9.946255683898926 0.0
9.95859432220459 0.0
9.948084831237793 0.0
9.95582103729248 0.0
9.960474014282227 0.0
9.952679634094238 0.0
9.954605102539062 0.0
9.945371627807617 0.0
9.953910827636719 0.0
9.958094596862793 0.0
9.94564437866211 0.0
9.943721771240234 0.0
9.955314636230469 0.0
9.952266693115234 0.0
9.94074821472168 0.0
9.950602531433105 0.0
9.956939697265625 0.0
9.957494735717773 0.0
