3.0443646907806396 2000.0
3.0349478721618652 2000.0
3.04476261138916 2000.0
3.042325496673584 2000.0
3.0493063926696777 2000.0
3.0494658946990967 2000.0
3.0598461627960205 2000.0
3.0623133182525635 2000.0
3.062849760055542 2000.0
3.068514347076416 2000.0
3.0777688026428223 2000.0
3.0761008262634277 2000.0
3.0795719623565674 2000.0
3.096729040145874 2000.0
3.115582227706909 2000.0
11.077144622802734 0.0
11.072429656982422 0.0
11.028891563415527 0.0
10.97993278503418 0.0
10.929717063903809 0.0
10.889252662658691 0.0
10.886699676513672 0.0
10.832388877868652 0.0
10.801261901855469 0.0
10.750036239624023 0.0
10.705328941345215 0.0
10.71048355102539 0.0
10.662728309631348 0.0
10.62513256072998 0.0
10.573323249816895 0.0
10.528122901916504 0.0
10.533425331115723 0.0
10.494671821594238 0.0
10.44543170928955 0.0
10.4085111618042 0.0
10.361485481262207 0.0
10.370762825012207 0.0
10.318055152893066 0.0
10.283055305480957 0.0
10.249277114868164 0.0
10.198363304138184 0.0
10.151201248168945 0.0
10.173131942749023 0.0
10.123259544372559 0.0
10.083762168884277 0.0
9.9788236618042 0.0
9.93791675567627 0.0
9.945818901062012 0.0
9.910651206970215 0.0
9.87091064453125 0.0
9.883490562438965 0.0
8.003135681152344 2000.0
8.00255298614502 2000.0
7.983066082000732 2000.0
7.9610419273376465 2000.0
7.962867259979248 2000.0
7.953597068786621 2000.0
7.95974063873291 2000.0
7.947272300720215 2000.0
7.950220108032227 2000.0
7.957452297210693 2000.0
7.965754985809326 2000.0
7.974480628967285 2000.0
7.972667217254639 2000.0
7.98729133605957 2000.0
8.00061321258545 2000.0
10.101200103759766 0.0
10.114060401916504 0.0
10.106837272644043 0.0
10.113189697265625 0.0
10.124579429626465 0.0
10.14285659790039 0.0
10.145751953125 0.0
10.149940490722656 0.0
10.170260429382324 0.0
7.945730209350586 0.0
7.924230575561523 0.0
7.901974201202393 0.0
7.872076988220215 0.0
7.869553089141846 0.0
7.8427414894104 0.0
7.840836048126221 0.0
7.842362403869629 0.0
7.8311567306518555 0.0
7.8404011726379395 0.0
7.798323631286621 0.0
7.772583484649658 0.0
7.755882740020752 0.0
7.719480991363525 0.0
7.705314636230469 0.0
7.701362609863281 0.0
7.688336372375488 0.0
7.653600215911865 0.0
7.629157543182373 0.0
7.6103668212890625 0.0
7.606012344360352 0.0
7.58242654800415 0.0
7.5627055168151855 0.0
7.532461166381836 0.0
7.513401985168457 0.0
7.482751846313477 0.0
7.490813732147217 0.0
7.467615127563477 0.0
7.444218158721924 0.0
7.427696228027344 0.0
7.393212795257568 0.0
7.375953674316406 0.0
7.384995460510254 0.0
7.358497142791748 0.0
7.332173824310303 0.0
7.308436870574951 0.0
7.295153617858887 0.0
7.26905632019043 0.0
7.268096446990967 0.0
7.24234676361084 0.0
7.22096586227417 0.0
7.220793724060059 0.0
7.1952104568481445 0.0
7.166334629058838 0.0
7.168281555175781 0.0
7.143882751464844 0.0
7.122945308685303 0.0
7.105817794799805 0.0
7.083675384521484 0.0
7.064477443695068 0.0
7.06808614730835 0.0
7.049808025360107 0.0
7.025312900543213 0.0
7.004491329193115 0.0
6.9842352867126465 0.0
6.970895767211914 0.0
6.965716361999512 0.0
6.948868274688721 0.0
6.937189102172852 0.0
6.912935733795166 0.0
6.896146774291992 0.0
6.881157875061035 0.0
6.868046760559082 0.0
6.8556623458862305 0.0
6.847038745880127 0.0
6.818690299987793 0.0
6.811018943786621 0.0
6.782790184020996 0.0
6.768526554107666 0.0
6.777273178100586 0.0
6.759748458862305 0.0
6.734680652618408 0.0
6.7277655601501465 0.0
6.705619812011719 0.0
6.6932878494262695 0.0
6.681602478027344 0.0
6.670563220977783 0.0
6.653632164001465 0.0
6.63968563079834 0.0
6.616954326629639 0.0
6.610002040863037 0.0
6.590457916259766 0.0
6.58229923248291 0.0
6.568573951721191 0.0
6.5417704582214355 0.0
6.537381172180176 0.0
6.519064426422119 0.0
6.505463123321533 0.0
6.496051788330078 0.0
6.496206760406494 0.0
6.481493949890137 0.0
6.454641342163086 0.0
6.452125549316406 0.0
6.431138038635254 0.0
6.428640842437744 0.0
6.401124954223633 0.0
6.403233051300049 0.0
6.393362045288086 0.0
6.321757793426514 0.0
6.3074870109558105 0.0
6.292778491973877 0.0
6.275358200073242 0.0
6.260854244232178 0.0
6.265072345733643 0.0
6.2471466064453125 0.0
6.242976188659668 0.0
6.229922294616699 0.0
6.218027591705322 0.0
6.205660820007324 0.0
6.207813262939453 0.0
6.22598123550415 0.0
6.227450847625732 0.0
6.2355241775512695 0.0
6.242412090301514 0.0
6.247116565704346 0.0
6.262320518493652 0.0
6.268573760986328 0.0
6.272799968719482 0.0
6.287353038787842 0.0
6.292902946472168 0.0
6.295716762542725 0.0
6.3957905769348145 0.0
6.405043125152588 0.0
6.426028251647949 0.0
6.424922943115234 0.0
6.439085960388184 0.0
6.439997673034668 0.0
6.4541730880737305 0.0
6.4601826667785645 0.0
6.471209526062012 0.0
6.4735870361328125 0.0
6.4837965965271 0.0
6.492852687835693 0.0
6.502518653869629 0.0
6.522124767303467 0.0
6.537252902984619 0.0
6.534358501434326 0.0
6.544686317443848 0.0
6.557763576507568 0.0
6.557539463043213 0.0
6.561442852020264 0.0
6.578811168670654 0.0
6.59344482421875 0.0
6.601728916168213 0.0
6.614927768707275 0.0
6.623467445373535 0.0
6.627206802368164 0.0
6.650152206420898 0.0
6.653006076812744 0.0
6.676864147186279 0.0
6.659268856048584 0.0
6.669429302215576 0.0
6.683244705200195 0.0
6.6956682205200195 0.0
6.707001209259033 0.0
6.712878227233887 0.0
6.724564552307129 0.0
6.726089000701904 0.0
6.750386714935303 0.0
6.765983581542969 0.0
6.7716755867004395 0.0
6.782410144805908 0.0
6.784668445587158 0.0
6.789222240447998 0.0
6.801602840423584 0.0
6.820659637451172 0.0
6.825994968414307 0.0
6.838541507720947 0.0
6.848459243774414 0.0
6.867949485778809 0.0
6.870110988616943 0.0
6.887322425842285 0.0
6.907777309417725 0.0
6.911602973937988 0.0
6.922719955444336 0.0
6.931154251098633 0.0
6.945745944976807 0.0
6.955811500549316 0.0
6.958171844482422 0.0
6.96713399887085 0.0
6.979709625244141 0.0
6.994845867156982 0.0
7.010267734527588 0.0
7.016330718994141 0.0
7.023580074310303 0.0
7.05224084854126 0.0
7.052599906921387 0.0
7.058099269866943 0.0
7.075467109680176 0.0
7.092369556427002 0.0
7.102767467498779 0.0
7.117115497589111 0.0
7.127870082855225 0.0
7.133802890777588 0.0
7.158700466156006 0.0
7.15560245513916 0.0
7.17323637008667 0.0
7.188380718231201 0.0
7.208706855773926 0.0
7.213730812072754 0.0
7.2216997146606445 0.0
7.239229202270508 0.0
7.254000186920166 0.0
7.261038780212402 0.0
7.274709224700928 0.0
7.278600215911865 0.0
7.287254810333252 0.0
7.3021063804626465 0.0
7.315468788146973 0.0
7.329204559326172 0.0
7.342610836029053 0.0
7.360762596130371 0.0
7.367129325866699 0.0
7.3907389640808105 0.0
7.392924785614014 0.0
7.408294200897217 0.0
7.427142143249512 0.0
7.438183784484863 0.0
7.450481414794922 0.0
7.459062099456787 0.0
7.484720230102539 0.0
7.488504886627197 0.0
7.507364749908447 0.0
7.514196395874023 0.0
7.534496784210205 0.0
7.552951812744141 0.0
7.567471027374268 0.0
7.581590175628662 0.0
7.598241806030273 0.0
7.612480640411377 0.0
7.636327743530273 0.0
7.651548862457275 0.0
7.656065464019775 0.0
7.671363353729248 0.0
7.685769081115723 0.0
7.704495906829834 0.0
7.718374729156494 0.0
7.72916316986084 0.0
7.745534896850586 0.0
7.755929946899414 0.0
7.780667304992676 0.0
7.791256427764893 0.0
7.803706645965576 0.0
7.824796676635742 0.0
7.835186958312988 0.0
7.853255271911621 0.0
7.860889911651611 0.0
7.881094932556152 0.0
7.884916305541992 0.0
7.910943508148193 0.0
7.925229549407959 0.0
7.933117866516113 0.0
7.9633965492248535 0.0
7.975895881652832 0.0
7.991484642028809 0.0
8.018656730651855 0.0
8.028668403625488 0.0
8.043889999389648 0.0
8.056008338928223 0.0
8.071045875549316 0.0
8.103781700134277 0.0
8.117182731628418 0.0
8.131975173950195 0.0
8.155494689941406 0.0
8.149044036865234 0.0
8.176644325256348 0.0
8.191669464111328 0.0
8.22191047668457 0.0
8.241110801696777 0.0
8.261112213134766 0.0
8.277766227722168 0.0
8.285346984863281 0.0
8.296792030334473 0.0
8.31788444519043 0.0
8.334074020385742 0.0
8.35201644897461 0.0
8.370560646057129 0.0
8.403494834899902 0.0
8.422642707824707 0.0
8.443340301513672 0.0
8.4527006149292 0.0
8.466404914855957 0.0
8.483211517333984 0.0
8.50543212890625 0.0
8.522968292236328 0.0
8.550005912780762 0.0
8.56771183013916 0.0
8.588798522949219 0.0
8.607978820800781 0.0
8.62314224243164 0.0
8.645344734191895 0.0
8.663107872009277 0.0
8.676613807678223 0.0
8.708735466003418 0.0
8.733823776245117 0.0
8.738688468933105 0.0
8.765830039978027 0.0
8.782382011413574 0.0
8.80113410949707 0.0
8.834113121032715 0.0
8.862126350402832 0.0
8.874608993530273 0.0
8.889959335327148 0.0
8.921937942504883 0.0
8.936653137207031 0.0
8.965337753295898 0.0
8.98013973236084 0.0
8.995705604553223 0.0
9.019761085510254 0.0
9.049273490905762 0.0
9.060027122497559 0.0
9.1002779006958 0.0
9.116586685180664 0.0
9.140958786010742 0.0
9.155181884765625 0.0
9.172627449035645 0.0
9.218400955200195 0.0
9.231690406799316 0.0
9.249229431152344 0.0
9.270559310913086 0.0
9.311199188232422 0.0
9.336363792419434 0.0
9.350050926208496 0.0
9.36864185333252 0.0
9.379283905029297 0.0
9.431506156921387 0.0
9.442994117736816 0.0
9.466394424438477 0.0
9.48900318145752 0.0
9.524800300598145 0.0
9.547019958496094 0.0
9.566916465759277 0.0
9.594169616699219 0.0
9.634085655212402 0.0
9.658560752868652 0.0
9.677632331848145 0.0
9.699334144592285 0.0
9.736798286437988 0.0
9.759794235229492 0.0
9.774022102355957 0.0
9.787276268005371 0.0
9.796151161193848 0.0
9.78105354309082 0.0
9.764976501464844 0.0
9.76105785369873 0.0
9.812494277954102 0.0
9.820503234863281 0.0
9.848773002624512 0.0
9.882816314697266 0.0
10.056379318237305 0.0
10.079285621643066 0.0
10.125185012817383 0.0
10.143423080444336 0.0
10.171614646911621 0.0
10.214398384094238 0.0
10.238081932067871 0.0
10.259529113769531 0.0
10.28090763092041 0.0
10.330171585083008 0.0
10.361368179321289 0.0
10.3659029006958 0.0
10.421168327331543 0.0
10.440926551818848 0.0
10.488743782043457 0.0
10.513188362121582 0.0
10.539624214172363 0.0
10.585253715515137 0.0
10.605805397033691 0.0
10.625869750976562 0.0
10.680644035339355 0.0
10.70541000366211 0.0
10.72996997833252 0.0
10.764199256896973 0.0
10.804485321044922 0.0
10.851133346557617 0.0
10.87227725982666 0.0
10.897249221801758 0.0
10.945829391479492 0.0
10.964225769042969 0.0
11.024162292480469 0.0
11.046724319458008 0.0
11.071227073669434 0.0
11.128252983093262 0.0
10.703150749206543 2000.0
10.65983772277832 2000.0
10.65582275390625 2000.0
10.646357536315918 2000.0
10.64322280883789 2000.0
10.634564399719238 2000.0
10.629883766174316 2000.0
10.64431095123291 2000.0
10.653417587280273 2000.0
10.657361030578613 2000.0
10.675262451171875 2000.0
10.70772933959961 2000.0
11.617716789245605 0.0
11.646571159362793 0.0
11.688116073608398 0.0
11.728793144226074 0.0
11.752663612365723 0.0
11.812325477600098 0.0
11.836331367492676 0.0
11.892032623291016 0.0
11.913166999816895 0.0
11.968655586242676 0.0
12.0101318359375 0.0
12.065021514892578 0.0
12.112907409667969 0.0
12.143766403198242 0.0
12.199304580688477 0.0
12.237541198730469 0.0
12.297698974609375 0.0
12.313529968261719 0.0
12.379692077636719 0.0
12.408209800720215 0.0
12.45839786529541 0.0
12.497298240661621 0.0
12.547557830810547 0.0
12.611889839172363 0.0
12.645590782165527 0.0
12.703566551208496 0.0
12.7252779006958 0.0
12.806721687316895 0.0
12.827167510986328 0.0
12.89338493347168 0.0
12.958317756652832 0.0
12.98320484161377 0.0
13.046594619750977 0.0
13.115212440490723 0.0
13.144641876220703 0.0
13.207404136657715 0.0
13.234661102294922 0.0
13.31110954284668 0.0
13.34339714050293 0.0
13.422734260559082 0.0
13.480738639831543 0.0
13.521337509155273 0.0
13.579007148742676 0.0
13.622760772705078 0.0
13.700878143310547 0.0
13.735641479492188 0.0
13.809179306030273 0.0
13.84381103515625 0.0
13.867255210876465 0.0
13.851096153259277 0.0
13.848958969116211 0.0
13.872379302978516 0.0
13.956685066223145 0.0
14.209972381591797 0.0
14.272685050964355 0.0
14.333377838134766 0.0
14.408534049987793 0.0
14.45504093170166 0.0
14.5465669631958 0.0
14.589871406555176 0.0
14.667692184448242 0.0
14.719647407531738 0.0
14.809774398803711 0.0
14.85595417022705 0.0
14.944524765014648 0.0
14.9861478805542 0.0
15.087246894836426 0.0
15.131603240966797 0.0
15.193078994750977 0.0
15.275992393493652 0.0
15.33163833618164 0.0
15.435320854187012 0.0
15.481139183044434 0.0
15.582198143005371 0.0
15.643895149230957 0.0
15.694378852844238 0.0
15.820545196533203 0.0
15.854069709777832 0.0
15.981343269348145 0.0
16.037153244018555 0.0
16.087139129638672 0.0
3.916923999786377 2000.0
3.9005932807922363 2000.0
3.8884928226470947 2000.0
3.8892500400543213 2000.0
3.8856773376464844 2000.0
3.8643672466278076 2000.0
3.868738889694214 2000.0
3.8736684322357178 2000.0
3.8645801544189453 2000.0
3.8625407218933105 2000.0
3.8631913661956787 2000.0
3.8664305210113525 2000.0
3.8537962436676025 2000.0
3.859055519104004 2000.0
3.855600357055664 2000.0
3.8537628650665283 2000.0
3.857290744781494 2000.0
3.8556737899780273 2000.0
3.8688530921936035 2000.0
3.850689649581909 2000.0
3.866983413696289 2000.0
3.8710744380950928 2000.0
3.867187976837158 2000.0
3.8638665676116943 2000.0
3.8693766593933105 2000.0
3.8775172233581543 2000.0
3.892441749572754 2000.0
3.892291784286499 2000.0
3.9035816192626953 2000.0
3.914067029953003 2000.0
3.920058488845825 2000.0
19.172719955444336 0.0
19.256460189819336 0.0
19.44171714782715 0.0
19.53529930114746 0.0
19.63224983215332 0.0
19.72574806213379 0.0
19.922840118408203 0.0
20.017587661743164 0.0
20.11372947692871 0.0
4.067235946655273 0.0
4.057321071624756 0.0
4.056730270385742 0.0
4.043374538421631 0.0
4.050017356872559 0.0
4.046366214752197 0.0
4.0439534187316895 0.0
4.039828777313232 0.0
4.038782596588135 0.0
4.03544282913208 0.0
4.045922756195068 0.0
4.047529220581055 0.0
4.029273986816406 0.0
4.030078411102295 0.0
4.023524761199951 0.0
4.029555797576904 0.0
4.029172420501709 0.0
4.029289245605469 0.0
4.033024311065674 0.0
4.022174835205078 0.0
4.020133018493652 0.0
4.0183515548706055 0.0
4.022241592407227 0.0
4.028933048248291 0.0
4.013508319854736 0.0
4.050023078918457 0.0
4.047057628631592 0.0
4.046948432922363 0.0
4.046380996704102 0.0
4.037935256958008 0.0
4.040637016296387 0.0
4.04466438293457 0.0
4.032094955444336 0.0
4.038885593414307 0.0
4.04077672958374 0.0
4.042867660522461 0.0
4.034220218658447 0.0
4.0354413986206055 0.0
4.03452730178833 0.0
4.026116847991943 0.0
4.029706001281738 0.0
4.029233932495117 0.0
4.029966354370117 0.0
4.027630805969238 0.0
4.0175395011901855 0.0
4.02353048324585 0.0
4.0222554206848145 0.0
4.0261640548706055 0.0
4.022343158721924 0.0
4.012276649475098 0.0
4.011638641357422 0.0
4.016636848449707 0.0
4.014266490936279 0.0
4.009981632232666 0.0
4.015308856964111 0.0
4.018253326416016 0.0
4.0131306648254395 0.0
4.01436710357666 0.0
4.015464782714844 0.0
4.007084846496582 0.0
4.012443542480469 0.0
4.009428977966309 0.0
4.011685371398926 0.0
4.002579689025879 0.0
4.003375053405762 0.0
4.005692005157471 0.0
3.998877763748169 0.0
4.001952171325684 0.0
4.002839088439941 0.0
3.9923043251037598 0.0
4.007009983062744 0.0
4.010039329528809 0.0
4.005217552185059 0.0
3.994426965713501 0.0
3.9988765716552734 0.0
3.997089385986328 0.0
3.998232364654541 0.0
3.9955713748931885 0.0
3.994333267211914 0.0
3.9901561737060547 0.0
3.9879298210144043 0.0
3.993823289871216 0.0
3.992349147796631 0.0
3.9904000759124756 0.0
3.989511728286743 0.0
3.984942674636841 0.0
3.9914233684539795 0.0
3.987320899963379 0.0
3.991595506668091 0.0
3.987468719482422 0.0
3.9900107383728027 0.0
3.986614942550659 0.0
3.983846664428711 0.0
3.9802446365356445 0.0
3.9809677600860596 0.0
3.9823434352874756 0.0
3.9901630878448486 0.0
3.992859125137329 0.0
3.982440233230591 0.0
3.978344202041626 0.0
3.9815890789031982 0.0
3.985659599304199 0.0
3.9797005653381348 0.0
3.9785072803497314 0.0
3.9817776679992676 0.0
3.9721181392669678 0.0
3.975193738937378 0.0
3.978727340698242 0.0
3.968940496444702 0.0
3.9662320613861084 0.0
3.9601659774780273 0.0
3.978947877883911 0.0
3.9739997386932373 0.0
3.9701178073883057 0.0
3.9748809337615967 0.0
3.9680395126342773 0.0
3.9735028743743896 0.0
3.9734270572662354 0.0
3.9774346351623535 0.0
3.978621244430542 0.0
3.9628794193267822 0.0
3.969278573989868 0.0
3.9750826358795166 0.0
3.977740526199341 0.0
3.9636075496673584 0.0
3.9731228351593018 0.0
3.967014789581299 0.0
3.9746360778808594 0.0
3.9686238765716553 0.0
3.9692413806915283 0.0
3.967534065246582 0.0
3.975877285003662 0.0
3.9701595306396484 0.0
3.9762234687805176 0.0
3.964787721633911 0.0
3.9665286540985107 0.0
3.9700472354888916 0.0
3.9664764404296875 0.0
3.9648563861846924 0.0
3.9701344966888428 0.0
3.9728012084960938 0.0
3.9659416675567627 0.0
3.9693284034729004 0.0
3.9634509086608887 0.0
3.964465856552124 0.0
3.9686403274536133 0.0
3.9727563858032227 0.0
3.9630825519561768 0.0
3.9662837982177734 0.0
3.9546821117401123 0.0
3.9539990425109863 0.0
3.964017152786255 0.0
3.959282875061035 0.0
3.9683635234832764 0.0
3.9620654582977295 0.0
3.9620583057403564 0.0
3.9645397663116455 0.0
3.9590985774993896 0.0
3.9655258655548096 0.0
3.9602739810943604 0.0
3.9605469703674316 0.0
3.9594027996063232 0.0
3.9680423736572266 0.0
3.969067335128784 0.0
3.966459274291992 0.0
3.9619925022125244 0.0
3.9577813148498535 0.0
3.969695568084717 0.0
3.966384172439575 0.0
3.972754955291748 0.0
3.9622106552124023 0.0
3.96816086769104 0.0
3.9690725803375244 0.0
3.9705238342285156 0.0
3.9611194133758545 0.0
3.9640679359436035 0.0
3.973965644836426 0.0
3.9750683307647705 0.0
3.970123529434204 0.0
3.9737229347229004 0.0
3.964906692504883 0.0
3.9675142765045166 0.0
3.9642577171325684 0.0
3.9701149463653564 0.0
3.9709455966949463 0.0
3.9664206504821777 0.0
3.9722461700439453 0.0
3.9756901264190674 0.0
3.970898389816284 0.0
3.9775500297546387 0.0
3.9640121459960938 0.0
3.974378824234009 0.0
3.9710018634796143 0.0
3.961455821990967 0.0
3.9639925956726074 0.0
3.972095489501953 0.0
3.981452226638794 0.0
3.9696972370147705 0.0
3.9822568893432617 0.0
3.9844906330108643 0.0
3.9711649417877197 0.0
3.968358039855957 0.0
3.979715347290039 0.0
3.9804060459136963 0.0
3.979206085205078 0.0
3.9826788902282715 0.0
3.9787325859069824 0.0
3.9802823066711426 0.0
3.9756360054016113 0.0
3.9776785373687744 0.0
3.9713895320892334 0.0
3.98402738571167 0.0
3.977599620819092 0.0
3.982802391052246 0.0
3.982593059539795 0.0
3.9864137172698975 0.0
3.990304708480835 0.0
3.983609914779663 0.0
3.9744646549224854 0.0
3.9888060092926025 0.0
3.9807546138763428 0.0
3.989107847213745 0.0
3.9866116046905518 0.0
3.987705707550049 0.0
3.988494396209717 0.0
3.9923641681671143 0.0
3.9940812587738037 0.0
3.9974629878997803 0.0
3.9892096519470215 0.0
4.000556468963623 0.0
3.998992443084717 0.0
3.9991984367370605 0.0
3.9888460636138916 0.0
3.9909048080444336 0.0
3.9974803924560547 0.0
3.9983904361724854 0.0
4.002994060516357 0.0
3.996587038040161 0.0
3.9952776432037354 0.0
4.007689952850342 0.0
4.009387016296387 0.0
4.002836227416992 0.0
3.9942798614501953 0.0
4.001368522644043 0.0
4.0020012855529785 0.0
4.009963512420654 0.0
4.010162353515625 0.0
4.008518695831299 0.0
4.006014347076416 0.0
4.0118303298950195 0.0
4.011594772338867 0.0
4.018224716186523 0.0
4.008657455444336 0.0
4.01920747756958 0.0
4.010184288024902 0.0
4.023480415344238 0.0
4.011748790740967 0.0
4.024515151977539 0.0
4.020659446716309 0.0
4.0221662521362305 0.0
4.023434162139893 0.0
4.025872230529785 0.0
4.015975475311279 0.0
4.024227619171143 0.0
4.025684833526611 0.0
4.034224510192871 0.0
4.035467147827148 0.0
4.032470226287842 0.0
4.03102445602417 0.0
4.038557529449463 0.0
4.042989253997803 0.0
4.02779483795166 0.0
4.028599262237549 0.0
4.040295124053955 0.0
4.038044452667236 0.0
4.0327043533325195 0.0
4.036522388458252 0.0
4.03852653503418 0.0
4.0487751960754395 0.0
4.033626079559326 0.0
4.044796943664551 0.0
4.041557312011719 0.0
4.038691520690918 0.0
4.055213928222656 0.0
4.053030967712402 0.0
4.054364204406738 0.0
4.044271945953369 0.0
4.060985565185547 0.0
4.055783271789551 0.0
4.055433750152588 0.0
4.05096435546875 0.0
4.0614914894104 0.0
4.0572829246521 0.0
4.063510417938232 0.0
4.056668281555176 0.0
4.069498062133789 0.0
4.0791544914245605 0.0
4.064852714538574 0.0
4.074323654174805 0.0
4.072295188903809 0.0
4.070560932159424 0.0
4.075802803039551 0.0
4.077267646789551 0.0
4.076758861541748 0.0
4.073413372039795 0.0
4.0758843421936035 0.0
4.082213401794434 0.0
4.075612545013428 0.0
4.067482948303223 0.0
4.08424711227417 0.0
4.0856547355651855 0.0
4.087782382965088 0.0
4.097397804260254 0.0
4.061932563781738 0.0
4.066431522369385 0.0
4.075911998748779 0.0
4.068861961364746 0.0
4.062142372131348 0.0
4.063961029052734 0.0
4.075125694274902 0.0
4.080294132232666 0.0
4.075090408325195 0.0
4.080458641052246 0.0
4.079738616943359 0.0
4.07977294921875 0.0
4.080691337585449 0.0
4.071866989135742 0.0
4.0802812576293945 0.0
4.080354690551758 0.0
4.084424018859863 0.0
4.076077938079834 0.0
4.085084915161133 0.0
4.084051609039307 0.0
4.094086170196533 0.0
4.087137699127197 0.0
4.098400115966797 0.0
4.102724075317383 0.0
16.527721405029297 0.0
16.53784942626953 0.0
16.427921295166016 0.0
16.319732666015625 0.0
16.204639434814453 0.0
16.1087589263916 0.0
16.11074447631836 0.0
16.011173248291016 0.0
15.905794143676758 0.0
15.803213119506836 0.0
15.71500015258789 0.0
15.712674140930176 0.0
15.618237495422363 0.0
15.528234481811523 0.0
15.428452491760254 0.0
15.339590072631836 0.0
15.242024421691895 0.0
15.244504928588867 0.0
15.155661582946777 0.0
15.055992126464844 0.0
14.971081733703613 0.0
14.888626098632812 0.0
14.895881652832031 0.0
14.800050735473633 0.0
14.71499252319336 0.0
14.62991714477539 0.0
14.547131538391113 0.0
14.539374351501465 0.0
14.467477798461914 0.0
14.384594917297363 0.0
14.312912940979004 0.0
14.224526405334473 0.0
14.22031021118164 0.0
13.934865951538086 0.0
13.859027862548828 0.0
13.79086971282959 0.0
13.797324180603027 0.0
13.808658599853516 0.0
13.799708366394043 0.0
13.765069961547852 0.0
13.69201374053955 0.0
13.615220069885254 0.0
13.545154571533203 0.0
13.545859336853027 0.0
13.476815223693848 0.0
13.406030654907227 0.0
13.328232765197754 0.0
13.264542579650879 0.0
13.264123916625977 0.0
13.19387435913086 0.0
13.129158973693848 0.0
13.062893867492676 0.0
13.002809524536133 0.0
12.990728378295898 0.0
12.939460754394531 0.0
12.868456840515137 0.0
12.801807403564453 0.0
12.740562438964844 0.0
12.746659278869629 0.0
12.678485870361328 0.0
12.610405921936035 0.0
12.552227973937988 0.0
12.496922492980957 0.0
12.506707191467285 0.0
12.437458992004395 0.0
12.380331039428711 0.0
12.322321891784668 0.0
12.26050090789795 0.0
12.257418632507324 0.0
12.205625534057617 0.0
12.149969100952148 0.0
12.08697509765625 0.0
12.03791332244873 0.0
11.971363067626953 0.0
11.979772567749023 0.0
11.923377990722656 0.0
11.881768226623535 0.0
11.815868377685547 0.0
11.761762619018555 0.0
11.766681671142578 0.0
11.717510223388672 0.0
11.655425071716309 0.0
11.601754188537598 0.0
11.563366889953613 0.0
11.563009262084961 0.0
11.509088516235352 0.0
11.45219898223877 0.0
11.410623550415039 0.0
11.358903884887695 0.0
11.359557151794434 0.0
11.32050609588623 0.0
11.261181831359863 0.0
11.219388008117676 0.0
11.159440994262695 0.0
11.166108131408691 0.0
11.12177562713623 0.0
11.064120292663574 0.0
11.018810272216797 0.0
10.981337547302246 0.0
10.976409912109375 0.0
10.932767868041992 0.0
10.896546363830566 0.0
10.848479270935059 0.0
10.801834106445312 0.0
10.804956436157227 0.0
10.764514923095703 0.0
10.724689483642578 0.0
10.673606872558594 0.0
10.630243301391602 0.0
10.634337425231934 0.0
10.59271240234375 0.0
10.550799369812012 0.0
10.512321472167969 0.0
10.46750545501709 0.0
10.42906665802002 0.0
10.4324951171875 0.0
10.392082214355469 0.0
10.351299285888672 0.0
10.309857368469238 0.0
10.272518157958984 0.0
10.26685619354248 0.0
10.233722686767578 0.0
10.1909818649292 0.0
10.161845207214355 0.0
10.108497619628906 0.0
10.11542797088623 0.0
10.06810188293457 0.0
10.04088306427002 0.0
10.003655433654785 0.0
9.816302299499512 0.0
9.825726509094238 0.0
9.785022735595703 0.0
9.753293991088867 0.0
9.25716781616211 2000.0
9.211549758911133 2000.0
9.185083389282227 2000.0
9.192636489868164 2000.0
9.176435470581055 2000.0
9.163243293762207 2000.0
9.16335678100586 2000.0
9.163300514221191 2000.0
9.172652244567871 2000.0
9.167720794677734 2000.0
9.178672790527344 2000.0
9.187177658081055 2000.0
9.206830978393555 2000.0
9.24005126953125 2000.0
9.241558074951172 2000.0
9.463425636291504 0.0
9.425779342651367 0.0
9.402067184448242 0.0
9.361824989318848 0.0
9.37524127960205 0.0
9.331035614013672 0.0
9.302112579345703 0.0
9.275534629821777 0.0
9.256893157958984 0.0
9.248656272888184 0.0
9.212271690368652 0.0
9.192036628723145 0.0
9.155597686767578 0.0
9.11967658996582 0.0
9.097299575805664 0.0
9.093281745910645 0.0
9.070816993713379 0.0
9.04808235168457 0.0
9.016640663146973 0.0
8.990391731262207 0.0
8.95777416229248 0.0
8.964205741882324 0.0
8.93437385559082 0.0
8.897858619689941 0.0
8.863260269165039 0.0
8.836225509643555 0.0
8.856988906860352 0.0
8.813934326171875 0.0
8.796875 0.0
8.77040958404541 0.0
8.73791217803955 0.0
8.726494789123535 0.0
8.71219539642334 0.0
8.69149398803711 0.0
8.66797924041748 0.0
8.632091522216797 0.0
8.606647491455078 0.0
8.582834243774414 0.0
8.581621170043945 0.0
8.561357498168945 0.0
8.541913032531738 0.0
8.516107559204102 0.0
8.488146781921387 0.0
8.471647262573242 0.0
8.460517883300781 0.0
8.445920944213867 0.0
8.421418190002441 0.0
8.394213676452637 0.0
8.36565113067627 0.0
8.351552963256836 0.0
8.345686912536621 0.0
8.325811386108398 0.0
8.310556411743164 0.0
8.277230262756348 0.0
8.256793975830078 0.0
8.238154411315918 0.0
8.230352401733398 0.0
8.215293884277344 0.0
8.18671703338623 0.0
8.16578483581543 0.0
8.150790214538574 0.0
8.131415367126465 0.0
8.126558303833008 0.0
8.111231803894043 0.0
8.085000991821289 0.0
8.066676139831543 0.0
8.04284954071045 0.0
8.010927200317383 0.0
8.00014591217041 0.0
8.017850875854492 0.0
7.976144790649414 0.0
7.9639787673950195 0.0
7.943002223968506 0.0
7.92768669128418 0.0
7.905886173248291 0.0
7.884134292602539 0.0
7.882434368133545 0.0
7.862035751342773 0.0
7.840353488922119 0.0
7.826807022094727 0.0
7.809445858001709 0.0
7.792520046234131 0.0
7.795713424682617 0.0
7.777437210083008 0.0
7.751227378845215 0.0
7.728361129760742 0.0
7.709689140319824 0.0
7.697058200836182 0.0
7.673469066619873 0.0
7.6548309326171875 0.0
7.665229797363281 0.0
7.634803771972656 0.0
7.622910499572754 0.0
7.6020307540893555 0.0
7.581225395202637 0.0
7.577402591705322 0.0
7.552383899688721 0.0
7.558465957641602 0.0
7.53427791595459 0.0
7.516592025756836 0.0
7.501420497894287 0.0
7.488683223724365 0.0
7.452730178833008 0.0
7.444362163543701 0.0
7.435118675231934 0.0
7.438679218292236 0.0
7.421383857727051 0.0
7.399628162384033 0.0
7.3747172355651855 0.0
7.368266582489014 0.0
7.346948623657227 0.0
7.3361735343933105 0.0
7.323159694671631 0.0
7.323522090911865 0.0
7.2953362464904785 0.0
7.283775806427002 0.0
7.270530700683594 0.0
7.251968860626221 0.0
7.240046501159668 0.0
7.228600025177002 0.0
7.225673198699951 0.0
7.212072849273682 0.0
7.2054877281188965 0.0
7.176251411437988 0.0
7.175572395324707 0.0
7.155656814575195 0.0
7.136003494262695 0.0
7.135716915130615 0.0
7.1102800369262695 0.0
7.095889568328857 0.0
7.099786281585693 0.0
7.0895819664001465 0.0
7.07041072845459 0.0
7.066245079040527 0.0
7.04631233215332 0.0
7.026724815368652 0.0
7.022299766540527 0.0
6.997732639312744 0.0
6.996064186096191 0.0
6.973668098449707 0.0
6.98015832901001 0.0
6.969540119171143 0.0
6.9505438804626465 0.0
6.929391860961914 0.0
6.925780773162842 0.0
6.911753177642822 0.0
6.9064507484436035 0.0
6.88947057723999 0.0
6.8762311935424805 0.0
6.864912986755371 0.0
6.841663837432861 0.0
6.853623867034912 0.0
6.8329691886901855 0.0
6.81689453125 0.0
6.814273357391357 0.0
6.799478530883789 0.0
6.783273696899414 0.0
6.768621921539307 0.0
6.767359733581543 0.0
6.7435736656188965 0.0
6.738175392150879 0.0
6.725212097167969 0.0
6.723566055297852 0.0
6.705572128295898 0.0
6.690805435180664 0.0
6.692654132843018 0.0
6.680125713348389 0.0
6.659646987915039 0.0
6.662150859832764 0.0
6.647521495819092 0.0
6.6424736976623535 0.0
6.6270012855529785 0.0
6.6164422035217285 0.0
6.600523948669434 0.0
6.5905680656433105 0.0
6.580770492553711 0.0
6.568556785583496 0.0
6.547583103179932 0.0
6.5511250495910645 0.0
6.537552356719971 0.0
6.526732921600342 0.0
6.519234657287598 0.0
6.516446113586426 0.0
6.512659549713135 0.0
6.507071495056152 0.0
6.497692584991455 0.0
6.479374408721924 0.0
6.4651899337768555 0.0
6.465760707855225 0.0
6.443792343139648 0.0
6.438539981842041 0.0
6.428505897521973 0.0
6.416910648345947 0.0
6.402271270751953 0.0
6.403306484222412 0.0
6.394107341766357 0.0
6.372993469238281 0.0
6.369509696960449 0.0
6.3564653396606445 0.0
6.350744724273682 0.0
6.339845180511475 0.0
6.325900554656982 0.0
6.3248748779296875 0.0
6.311097145080566 0.0
6.299297332763672 0.0
6.295015811920166 0.0
6.292788982391357 0.0
6.2782206535339355 0.0
6.1693902015686035 0.0
6.170003414154053 0.0
6.154596328735352 0.0
6.151149272918701 0.0
6.140069484710693 0.0
6.126797199249268 0.0
6.123909950256348 0.0
6.114522933959961 0.0
6.1120285987854 0.0
6.097947120666504 0.0
6.094817638397217 0.0
6.084170818328857 0.0
6.068085670471191 0.0
6.081183433532715 0.0
6.088140487670898 0.0
6.1032257080078125 0.0
6.117440223693848 0.0
6.127718448638916 0.0
6.14199161529541 0.0
6.144477367401123 0.0
6.159254550933838 0.0
6.169577598571777 0.0
6.1861572265625 0.0
6.244751453399658 0.0
6.255059719085693 0.0
6.260880947113037 0.0
6.277284145355225 0.0
6.2968668937683105 0.0
6.302907466888428 0.0
6.310328960418701 0.0
6.322035312652588 0.0
6.3465471267700195 0.0
6.3542070388793945 0.0
6.3682403564453125 0.0
6.375004291534424 0.0
6.389321804046631 0.0
6.388994216918945 0.0
6.413578033447266 0.0
6.419848918914795 0.0
6.4315900802612305 0.0
6.4596757888793945 0.0
6.467734336853027 0.0
6.484317302703857 0.0
6.498579025268555 0.0
6.5125250816345215 0.0
6.525883674621582 0.0
6.539167404174805 0.0
6.544281005859375 0.0
6.56605863571167 0.0
6.570708274841309 0.0
6.591903209686279 0.0
6.604150295257568 0.0
6.61485481262207 0.0
6.627257347106934 0.0
6.64060115814209 0.0
6.658788681030273 0.0
6.673120021820068 0.0
6.689445972442627 0.0
6.700383186340332 0.0
6.7077178955078125 0.0
6.7344794273376465 0.0
6.743056297302246 0.0
6.768195629119873 0.0
6.774898052215576 0.0
6.787556171417236 0.0
6.809727668762207 0.0
6.824886798858643 0.0
6.836051940917969 0.0
6.844888687133789 0.0
6.870513916015625 0.0
6.873859405517578 0.0
6.88588285446167 0.0
6.90175724029541 0.0
6.920354843139648 0.0
6.946419715881348 0.0
6.962270736694336 0.0
6.9730024337768555 0.0
6.984967231750488 0.0
6.99895715713501 0.0
7.013491153717041 0.0
7.03228235244751 0.0
7.042311191558838 0.0
7.070410251617432 0.0
7.097188472747803 0.0
7.110461711883545 0.0
7.1110453605651855 0.0
7.125087261199951 0.0
7.140522003173828 0.0
7.1702351570129395 0.0
7.1857171058654785 0.0
7.208104610443115 0.0
7.221669673919678 0.0
7.2347893714904785 0.0
7.245508670806885 0.0
7.279151439666748 0.0
7.284141540527344 0.0
7.308080196380615 0.0
7.3280744552612305 0.0
7.341975212097168 0.0
7.364119529724121 0.0
7.388670444488525 0.0
7.40840482711792 0.0
7.417976379394531 0.0
7.430421352386475 0.0
7.441466331481934 0.0
7.48430061340332 0.0
7.49653959274292 0.0
7.511709690093994 0.0
7.52308464050293 0.0
7.540670871734619 0.0
7.57289457321167 0.0
7.599923133850098 0.0
7.618342876434326 0.0
7.624480247497559 0.0
7.645588397979736 0.0
7.678005695343018 0.0
7.683211803436279 0.0
7.703499794006348 0.0
7.700963497161865 0.0
7.7011237144470215 0.0
7.710402965545654 0.0
7.736006259918213 0.0
7.746998310089111 0.0
7.768374443054199 0.0
7.786759853363037 0.0
7.810803413391113 0.0
7.82730770111084 0.0
17.2714786529541 0.0
17.264558792114258 0.0
17.24447250366211 0.0
17.232620239257812 0.0
17.203781127929688 0.0
17.196510314941406 0.0
17.181554794311523 0.0
17.16120147705078 0.0
17.158206939697266 0.0
17.138229370117188 0.0
7.933523178100586 2000.0
7.893968105316162 2000.0
7.88947868347168 2000.0
7.881666660308838 2000.0
7.877503871917725 2000.0
7.86428689956665 2000.0
7.868407249450684 2000.0
7.864348411560059 2000.0
7.860655307769775 2000.0
7.87197732925415 2000.0
7.869728088378906 2000.0
7.869242191314697 2000.0
7.887178897857666 2000.0
7.890020847320557 2000.0
7.9142632484436035 2000.0
7.930232048034668 2000.0
16.890363693237305 0.0
16.87592887878418 0.0
16.871662139892578 0.0
16.839616775512695 0.0
16.83245086669922 0.0
16.824169158935547 0.0
16.806236267089844 0.0
16.797382354736328 0.0
16.782974243164062 0.0
16.761512756347656 0.0
16.758268356323242 0.0
16.734975814819336 0.0
16.725711822509766 0.0
16.716581344604492 0.0
16.702251434326172 0.0
16.686914443969727 0.0
16.6737060546875 0.0
16.664926528930664 0.0
16.651159286499023 0.0
16.626190185546875 0.0
16.617525100708008 0.0
16.607330322265625 0.0
16.585390090942383 0.0
16.58409881591797 0.0
16.569881439208984 0.0
16.567487716674805 0.0
16.543163299560547 0.0
16.536407470703125 0.0
16.510133743286133 0.0
16.501388549804688 0.0
16.497573852539062 0.0
16.485103607177734 0.0
16.474958419799805 0.0
16.46337127685547 0.0
16.453903198242188 0.0
16.437191009521484 0.0
16.435009002685547 0.0
16.415674209594727 0.0
16.397676467895508 0.0
16.399402618408203 0.0
16.38956069946289 0.0
16.369001388549805 0.0
16.358369827270508 0.0
16.335723876953125 0.0
16.333248138427734 0.0
16.328964233398438 0.0
16.313688278198242 0.0
16.3101749420166 0.0
16.290346145629883 0.0
16.286869049072266 0.0
16.26502799987793 0.0
16.258262634277344 0.0
16.244150161743164 0.0
16.240737915039062 0.0
3.3013792037963867 2000.0
3.3001513481140137 2000.0
3.2670788764953613 2000.0
3.2661538124084473 2000.0
3.2619800567626953 2000.0
3.2569081783294678 2000.0
3.2496931552886963 2000.0
3.2417385578155518 2000.0
3.2426180839538574 2000.0
3.240183115005493 2000.0
3.234349012374878 2000.0
3.2286839485168457 2000.0
3.2360785007476807 2000.0
3.2317092418670654 2000.0
3.226623296737671 2000.0
3.233726978302002 2000.0
3.226896047592163 2000.0
3.2263548374176025 2000.0
3.23317813873291 2000.0
3.2260043621063232 2000.0
3.2260055541992188 2000.0
3.222519874572754 2000.0
3.230358600616455 2000.0
3.2274112701416016 2000.0
3.2210371494293213 2000.0
3.2350165843963623 2000.0
3.230823278427124 2000.0
3.2319037914276123 2000.0
3.2319366931915283 2000.0
3.24703049659729 2000.0
3.2414331436157227 2000.0
3.245616912841797 2000.0
3.2545509338378906 2000.0
3.2490904331207275 2000.0
3.2685813903808594 2000.0
3.2739806175231934 2000.0
3.2793829441070557 2000.0
3.285423994064331 2000.0
15.838786125183105 0.0
15.841588973999023 0.0
15.827895164489746 0.0
15.83021354675293 0.0
15.807666778564453 0.0
15.807156562805176 0.0
15.806686401367188 0.0
15.794360160827637 0.0
15.78384780883789 0.0
15.773232460021973 0.0
15.774980545043945 0.0
15.747206687927246 0.0
15.759212493896484 0.0
15.748119354248047 0.0
15.742033004760742 0.0
15.73741340637207 0.0
15.723233222961426 0.0
15.711837768554688 0.0
15.697553634643555 0.0
15.691262245178223 0.0
15.684666633605957 0.0
15.681787490844727 0.0
15.66978645324707 0.0
15.65949535369873 0.0
15.654501914978027 0.0
15.64985179901123 0.0
15.63239860534668 0.0
3.4549074172973633 0.0
3.4456913471221924 0.0
3.454657793045044 0.0
3.449784278869629 0.0
3.4455642700195312 0.0
3.441159248352051 0.0
3.4372880458831787 0.0
3.4397552013397217 0.0
3.442620038986206 0.0
3.4423623085021973 0.0
3.467503309249878 0.0
3.467054843902588 0.0
3.4642956256866455 0.0
3.4625816345214844 0.0
3.4696593284606934 0.0
3.468754291534424 0.0
3.461984157562256 0.0
3.4575445652008057 0.0
3.4539945125579834 0.0
3.467742443084717 0.0
3.4604146480560303 0.0
3.4545836448669434 0.0
3.445575475692749 0.0
3.455089569091797 0.0
3.444113254547119 0.0
3.452270984649658 0.0
3.4491751194000244 0.0
3.444455862045288 0.0
3.4520208835601807 0.0
3.4433045387268066 0.0
3.4380571842193604 0.0
3.4326000213623047 0.0
3.442667245864868 0.0
3.442084789276123 0.0
3.4410483837127686 0.0
3.4366440773010254 0.0
3.4343528747558594 0.0
3.4427828788757324 0.0
3.4331212043762207 0.0
3.4296858310699463 0.0
3.4280741214752197 0.0
3.424135446548462 0.0
3.4208598136901855 0.0
3.4379048347473145 0.0
3.4566879272460938 0.0
3.476860284805298 0.0
3.4906704425811768 0.0
3.5418221950531006 0.0
3.5528078079223633 0.0
3.570664167404175 0.0
3.596569299697876 0.0
3.6304073333740234 0.0
3.658172607421875 0.0
3.679616689682007 0.0
3.70548152923584 0.0
3.7244606018066406 0.0
3.815277338027954 0.0
3.840641498565674 0.0
3.8689091205596924 0.0
3.8824381828308105 0.0
3.9135982990264893 0.0
3.9299545288085938 0.0
3.9510576725006104 0.0
3.9710569381713867 0.0
4.006768226623535 0.0
4.032303333282471 0.0
4.050136566162109 0.0
4.109041213989258 0.0
4.139854431152344 0.0
4.163646221160889 0.0
4.2056050300598145 0.0
4.224249362945557 0.0
4.328835487365723 0.0
4.363038063049316 0.0
4.421732425689697 0.0
3.3905110359191895 0.0
3.3905434608459473 0.0
3.394932746887207 0.0
3.394944667816162 0.0
3.390841484069824 0.0
3.3809406757354736 0.0
3.391000270843506 0.0
3.378448486328125 0.0
3.3739402294158936 0.0
3.3889482021331787 0.0
3.3821113109588623 0.0
3.3861305713653564 0.0
3.3777480125427246 0.0
3.3752362728118896 0.0
3.3735251426696777 0.0
3.367546319961548 0.0
3.370669364929199 0.0
3.333303213119507 0.0
3.332824230194092 0.0
3.33085560798645 0.0
3.3296620845794678 0.0
3.336433172225952 0.0
3.333632230758667 0.0
3.3267507553100586 0.0
3.328831195831299 0.0
3.329235792160034 0.0
3.3260927200317383 0.0
3.324934720993042 0.0
3.334862470626831 0.0
3.3301103115081787 0.0
3.3307344913482666 0.0
3.3287158012390137 0.0
3.3246498107910156 0.0
3.319042682647705 0.0
3.3153576850891113 0.0
3.3199963569641113 0.0
3.3298373222351074 0.0
3.3134212493896484 0.0
3.3164544105529785 0.0
3.3203814029693604 0.0
3.3175771236419678 0.0
3.3200738430023193 0.0
3.327190637588501 0.0
3.32266902923584 0.0
3.715510368347168 0.0
3.770509719848633 0.0
3.822462558746338 0.0
3.892489433288574 0.0
3.957166910171509 0.0
4.01204776763916 0.0
4.115277290344238 0.0
4.170886039733887 0.0
4.213207244873047 0.0
4.200837135314941 0.0
4.215285778045654 0.0
4.208430767059326 0.0
4.202786445617676 0.0
4.204493522644043 0.0
4.231447696685791 0.0
4.906473159790039 0.0
5.00127649307251 0.0
5.081464767456055 0.0
5.085083961486816 0.0
5.079251289367676 0.0
5.076010704040527 0.0
5.083380222320557 0.0
5.068935871124268 0.0
5.079287052154541 0.0
5.701638698577881 0.0
5.813935279846191 0.0
5.917725086212158 0.0
5.977965831756592 0.0
5.970553874969482 0.0
5.966841220855713 0.0
5.978415489196777 0.0
6.89961576461792 0.0
6.885136604309082 0.0
6.891254901885986 0.0
6.893842697143555 0.0
6.89107608795166 0.0
14.963521957397461 0.0
14.969624519348145 0.0
14.967879295349121 0.0
14.975811958312988 0.0
14.960430145263672 0.0
14.973865509033203 0.0
14.962862014770508 0.0
14.958149909973145 0.0
14.962700843811035 0.0
14.964364051818848 0.0
14.96252155303955 0.0
14.960036277770996 0.0
7.18430233001709 0.0
7.184608459472656 0.0
7.17018985748291 0.0
7.181728839874268 0.0
7.183233261108398 0.0
7.180994510650635 0.0
7.176925182342529 0.0
7.174767017364502 0.0
7.180193901062012 0.0
7.1826910972595215 0.0
7.177138328552246 0.0
7.302896499633789 0.0
7.303581237792969 0.0
7.299744129180908 0.0
7.304009437561035 0.0
7.288509845733643 0.0
7.294745922088623 0.0
7.305278778076172 0.0
7.302149295806885 0.0
7.303644180297852 0.0
7.299569129943848 0.0
7.301943778991699 0.0
7.305341720581055 0.0
7.306179046630859 0.0
7.296008586883545 0.0
7.3006367683410645 0.0
7.302183151245117 0.0
7.301950931549072 0.0
7.294900417327881 0.0
7.300845623016357 0.0
7.2969970703125 0.0
7.302310943603516 0.0
7.309460163116455 0.0
7.3024067878723145 0.0
7.181056022644043 0.0
7.177116870880127 0.0
7.179454803466797 0.0
7.1775288581848145 0.0
7.1808600425720215 0.0
7.179417133331299 0.0
7.170345783233643 0.0
7.181342601776123 0.0
7.175918102264404 0.0
7.177563190460205 0.0
14.954448699951172 0.0
14.953325271606445 0.0
14.968032836914062 0.0
14.961148262023926 0.0
14.958884239196777 0.0
14.964947700500488 0.0
14.967114448547363 0.0
14.967214584350586 0.0
14.962645530700684 0.0
14.966856956481934 0.0
14.962082862854004 0.0
14.971619606018066 0.0
14.96988582611084 0.0
14.979750633239746 0.0
14.967387199401855 0.0
14.975449562072754 0.0
14.976017951965332 0.0
14.977531433105469 0.0
14.977812767028809 0.0
14.987335205078125 0.0
14.97364330291748 0.0
14.98852825164795 0.0
14.991264343261719 0.0
14.988170623779297 0.0
14.991897583007812 0.0
14.987021446228027 0.0
14.992631912231445 0.0
14.996301651000977 0.0
14.987727165222168 0.0
14.997030258178711 0.0
14.998486518859863 0.0
15.010695457458496 0.0
15.002253532409668 0.0
15.003313064575195 0.0
15.010259628295898 0.0
15.010418891906738 0.0
15.009570121765137 0.0
15.011903762817383 0.0
15.010866165161133 0.0
15.0221529006958 0.0
15.029529571533203 0.0
15.023609161376953 0.0
15.028907775878906 0.0
15.036088943481445 0.0
15.034465789794922 0.0
15.0360689163208 0.0
15.036332130432129 0.0
15.035957336425781 0.0
15.044203758239746 0.0
15.05667781829834 0.0
15.045412063598633 0.0
15.042001724243164 0.0
15.044666290283203 0.0
15.050296783447266 0.0
15.060084342956543 0.0
15.065549850463867 0.0
15.06718921661377 0.0
15.062821388244629 0.0
15.072542190551758 0.0
15.071673393249512 0.0
14.820395469665527 2000.0
14.773262977600098 2000.0
14.750761032104492 2000.0
14.737309455871582 2000.0
14.734481811523438 2000.0
14.741674423217773 2000.0
14.735095977783203 2000.0
14.760340690612793 2000.0
14.785500526428223 2000.0
15.10020923614502 0.0
15.10944652557373 0.0
15.10423469543457 0.0
15.125133514404297 0.0
15.115516662597656 0.0
15.114465713500977 0.0
15.129523277282715 0.0
15.12350845336914 0.0
15.129281997680664 0.0
15.130633354187012 0.0
15.144644737243652 0.0
15.138971328735352 0.0
15.145642280578613 0.0
15.150309562683105 0.0
15.159025192260742 0.0
15.166669845581055 0.0
15.167069435119629 0.0
15.173768997192383 0.0
15.165094375610352 0.0
15.172507286071777 0.0
15.17780876159668 0.0
15.189231872558594 0.0
15.191365242004395 0.0
15.20659065246582 0.0
15.198177337646484 0.0
15.206404685974121 0.0
15.20703125 0.0
15.211838722229004 0.0
15.213277816772461 0.0
15.2203950881958 0.0
15.227334022521973 0.0
15.226432800292969 0.0
15.22516918182373 0.0
15.239383697509766 0.0
15.236505508422852 0.0
15.249704360961914 0.0
15.258727073669434 0.0
15.26246166229248 0.0
15.26333236694336 0.0
15.274395942687988 0.0
15.274337768554688 0.0
15.27354907989502 0.0
15.28869915008545 0.0
15.282888412475586 0.0
15.300898551940918 0.0
15.292375564575195 0.0
15.300054550170898 0.0
15.3036527633667 0.0
15.312034606933594 0.0
15.31092643737793 0.0
15.316044807434082 0.0
15.329536437988281 0.0
15.338379859924316 0.0
15.342055320739746 0.0
15.360915184020996 0.0
15.349966049194336 0.0
15.35840892791748 0.0
15.3658447265625 0.0
15.364774703979492 0.0
15.380118370056152 0.0
15.370919227600098 0.0
15.392742156982422 0.0
15.383631706237793 0.0
15.399839401245117 0.0
15.397844314575195 0.0
15.411735534667969 0.0
15.417899131774902 0.0
15.42030143737793 0.0
15.421271324157715 0.0
15.438411712646484 0.0
15.444025039672852 0.0
15.459015846252441 0.0
15.450355529785156 0.0
15.453919410705566 0.0
15.46137523651123 0.0
15.482636451721191 0.0
15.479187965393066 0.0
15.478851318359375 0.0
15.488503456115723 0.0
15.492864608764648 0.0
15.514616012573242 0.0
15.521286010742188 0.0
15.526191711425781 0.0
15.512653350830078 0.0
15.533223152160645 0.0
15.539616584777832 0.0
15.546777725219727 0.0
7.168429851531982 0.0
7.174170017242432 0.0
7.162098407745361 0.0
7.165621757507324 0.0
7.13311767578125 0.0
7.084759712219238 0.0
7.033674716949463 0.0
7.033990383148193 0.0
6.986080169677734 0.0
6.9300994873046875 0.0
6.89048957824707 0.0
6.8552327156066895 0.0
6.83883810043335 0.0
6.804011344909668 0.0
6.767555236816406 0.0
6.725308895111084 0.0
6.679328441619873 0.0
6.68499755859375 0.0
6.649219989776611 0.0
6.6126484870910645 0.0
6.562011241912842 0.0
6.5381245613098145 0.0
6.487026691436768 0.0
6.480647563934326 0.0
6.44565486907959 0.0
6.4152960777282715 0.0
6.298721790313721 0.0
6.2840070724487305 0.0
6.297276496887207 0.0
6.287497043609619 0.0
6.292089939117432 0.0
6.259881496429443 0.0
6.2297163009643555 0.0
6.241335868835449 0.0
6.192816257476807 0.0
6.162641525268555 0.0
6.118260860443115 0.0
6.090549468994141 0.0
6.101841926574707 0.0
6.0630364418029785 0.0
6.0307159423828125 0.0
5.988706588745117 0.0
5.928136825561523 0.0
5.903598308563232 0.0
5.8979668617248535 0.0
5.871906280517578 0.0
5.838342189788818 0.0
5.810073375701904 0.0
5.804860591888428 0.0
5.800168514251709 0.0
5.7749924659729 0.0
5.746166229248047 0.0
5.718775272369385 0.0
5.690792083740234 0.0
5.681303977966309 0.0
5.665856838226318 0.0
5.629763126373291 0.0
5.601726531982422 0.0
5.473523139953613 0.0
5.473017692565918 0.0
5.438368797302246 0.0
5.43770694732666 0.0
5.45009183883667 0.0
5.436919689178467 0.0
5.429688930511475 0.0
5.407663822174072 0.0
5.397511005401611 0.0
5.358547210693359 0.0
5.328197479248047 0.0
5.32999849319458 0.0
5.3013739585876465 0.0
5.274394989013672 0.0
5.256789684295654 0.0
5.2227253913879395 0.0
5.221931457519531 0.0
5.190989017486572 0.0
5.179224967956543 0.0
5.140182018280029 0.0
5.123769760131836 0.0
5.103026390075684 0.0
5.100640296936035 0.0
5.086565971374512 0.0
5.062067031860352 0.0
5.045409679412842 0.0
5.010735034942627 0.0
5.016438961029053 0.0
4.99908447265625 0.0
4.981550693511963 0.0
4.951209545135498 0.0
4.920212745666504 0.0
4.937126159667969 0.0
4.911832809448242 0.0
4.890048980712891 0.0
4.868887901306152 0.0
4.846975326538086 0.0
4.8426690101623535 0.0
4.817748069763184 0.0
4.806040287017822 0.0
4.7910003662109375 0.0
4.760035037994385 0.0
4.762981414794922 0.0
4.731367588043213 0.0
4.666396141052246 0.0
4.648138523101807 0.0
4.638632774353027 0.0
4.6429123878479 0.0
4.636814117431641 0.0
4.659263610839844 0.0
4.654414653778076 0.0
4.643847942352295 0.0
4.6386308670043945 0.0
4.616302967071533 0.0
4.6028594970703125 0.0
4.57517671585083 0.0
4.570144176483154 0.0
4.548568248748779 0.0
4.538995742797852 0.0
4.534664630889893 0.0
4.521437168121338 0.0
4.500817775726318 0.0
4.4742913246154785 0.0
4.469332218170166 0.0
4.458474636077881 0.0
4.448517322540283 0.0
4.434419631958008 0.0
4.409343242645264 0.0
4.40423059463501 0.0
4.389511585235596 0.0
4.367578506469727 0.0
4.368093967437744 0.0
4.3231916427612305 0.0
4.328885555267334 0.0
4.312098979949951 0.0
4.2871246337890625 0.0
4.275949954986572 0.0
4.256920337677002 0.0
4.242132186889648 0.0
4.242893695831299 0.0
4.227864742279053 0.0
4.214493751525879 0.0
4.203038692474365 0.0
4.194248199462891 0.0
4.193817138671875 0.0
4.190840721130371 0.0
4.17698335647583 0.0
4.157013893127441 0.0
4.139981269836426 0.0
4.146320343017578 0.0
4.1296000480651855 0.0
4.120294570922852 0.0
4.103823184967041 0.0
4.083833694458008 0.0
4.077651500701904 0.0
4.071943283081055 0.0
4.057901382446289 0.0
4.052967071533203 0.0
4.03618049621582 0.0
4.027402877807617 0.0
4.023387908935547 0.0
4.00764274597168 0.0
3.99662446975708 0.0
3.989828109741211 0.0
3.9625749588012695 0.0
3.9605722427368164 0.0
3.9627485275268555 0.0
3.868642807006836 0.0
3.85845947265625 0.0
3.8508799076080322 0.0
3.852261781692505 0.0
3.845181941986084 0.0
3.8626656532287598 0.0
3.862248420715332 0.0
3.8735127449035645 0.0
3.8722665309906006 0.0
3.913409948348999 0.0
3.924873113632202 0.0
3.9287109375 0.0
3.935128927230835 0.0
3.9360153675079346 0.0
3.9474034309387207 0.0
3.9469096660614014 0.0
3.937464952468872 0.0
3.9468400478363037 0.0
3.9609575271606445 0.0
3.958745002746582 0.0
3.9707014560699463 0.0
3.9634740352630615 0.0
3.969639539718628 0.0
3.9712603092193604 0.0
3.97863507270813 0.0
3.9866461753845215 0.0
3.9934628009796143 0.0
3.99609375 0.0
3.994966745376587 0.0
4.00607442855835 0.0
3.999830722808838 0.0
4.313883304595947 0.0
4.307629108428955 0.0
4.306675434112549 0.0
4.292431831359863 0.0
4.274784564971924 0.0
4.270883083343506 0.0
4.253567218780518 0.0
4.247961044311523 0.0
4.24617338180542 0.0
4.229999542236328 0.0
4.221105575561523 0.0
4.207884788513184 0.0
4.193215370178223 0.0
4.175924777984619 0.0
4.1881608963012695 0.0
4.16782808303833 0.0
4.1635026931762695 0.0
4.140737056732178 0.0
4.131103992462158 0.0
4.12652063369751 0.0
4.1129865646362305 0.0
4.111414432525635 0.0
4.1110615730285645 0.0
4.112020969390869 0.0
4.114830017089844 0.0
4.117252826690674 0.0
4.122529983520508 0.0
4.126012325286865 0.0
4.1258440017700195 0.0
4.135517597198486 0.0
4.1509175300598145 0.0
4.141152858734131 0.0
4.157805442810059 0.0
4.161701202392578 0.0
4.161867141723633 0.0
4.159173488616943 0.0
4.163908958435059 0.0
4.139347553253174 0.0
4.1338324546813965 0.0
4.136737823486328 0.0
4.153736591339111 0.0
4.146880626678467 0.0
4.161478042602539 0.0
4.152562618255615 0.0
4.162601947784424 0.0
4.156437873840332 0.0
4.170462608337402 0.0
4.173799991607666 0.0
4.1822829246521 0.0
4.187061786651611 0.0
4.192665100097656 0.0
4.192758083343506 0.0
4.2036638259887695 0.0
4.210508823394775 0.0
8.051311492919922 0.0
8.020574569702148 0.0
8.023964881896973 0.0
7.999306678771973 0.0
7.98837423324585 0.0
7.971628665924072 0.0
7.961151599884033 0.0
7.925276279449463 0.0
7.910659313201904 0.0
7.905378341674805 0.0
7.886690139770508 0.0
7.878076076507568 0.0
7.864693641662598 0.0
7.847081661224365 0.0
7.788955211639404 0.0
7.767665863037109 0.0
7.787713050842285 0.0
7.774137020111084 0.0
7.80155611038208 0.0
7.786602020263672 0.0
7.763912200927734 0.0
7.7430572509765625 0.0
7.72446870803833 0.0
7.722351551055908 0.0
7.694233417510986 0.0
7.681556701660156 0.0
7.68436336517334 0.0
7.672994136810303 0.0
7.649934768676758 0.0
7.630589008331299 0.0
7.626343250274658 0.0
7.604384422302246 0.0
7.5932393074035645 0.0
7.583199501037598 0.0
7.557948589324951 0.0
7.56658935546875 0.0
7.548703193664551 0.0
7.520728588104248 0.0
7.4957451820373535 0.0
7.486598014831543 0.0
7.46656608581543 0.0
7.4616780281066895 0.0
7.4480299949646 0.0
7.428377628326416 0.0
7.417806625366211 0.0
7.408150672912598 0.0
7.404222011566162 0.0
7.398140907287598 0.0
7.390012741088867 0.0
7.366628170013428 0.0
7.359318733215332 0.0
7.363947868347168 0.0
7.330273628234863 0.0
7.327301502227783 0.0
7.307404518127441 0.0
7.298841953277588 0.0
7.281233787536621 0.0
7.277221202850342 0.0
7.267938137054443 0.0
7.257969856262207 0.0
7.240725040435791 0.0
7.228264808654785 0.0
7.20890474319458 0.0
7.20681095123291 0.0
7.200213432312012 0.0
7.1319804191589355 0.0
7.105923652648926 0.0
7.109837532043457 0.0
7.118844985961914 0.0
7.11371374130249 0.0
7.110420227050781 0.0
7.098942756652832 0.0
7.084902286529541 0.0
7.0804057121276855 0.0
7.070672988891602 0.0
7.061592102050781 0.0
7.053541660308838 0.0
7.0346784591674805 0.0
7.026507377624512 0.0
7.01428747177124 0.0
6.989412784576416 0.0
6.980099678039551 0.0
6.973527908325195 0.0
6.961234092712402 0.0
6.948295593261719 0.0
6.9489898681640625 0.0
6.9335150718688965 0.0
6.916038513183594 0.0
6.899999141693115 0.0
6.8968706130981445 0.0
6.903939723968506 0.0
6.892244338989258 0.0
6.8799519538879395 0.0
6.8566670417785645 0.0
6.858300685882568 0.0
6.8455352783203125 0.0
6.843594551086426 0.0
6.8274006843566895 0.0
6.812486171722412 0.0
6.802628040313721 0.0
6.795154571533203 0.0
6.781663417816162 0.0
6.799253463745117 0.0
6.763651371002197 0.0
6.757462978363037 0.0
6.748284339904785 0.0
6.741421222686768 0.0
6.726992130279541 0.0
6.714379787445068 0.0
6.710003852844238 0.0
6.700689792633057 0.0
6.693805694580078 0.0
6.672093391418457 0.0
6.672619819641113 0.0
6.659341812133789 0.0
6.6476311683654785 0.0
6.642788887023926 0.0
6.618354320526123 0.0
6.617690086364746 0.0
6.610620498657227 0.0
6.606640815734863 0.0
6.58967924118042 0.0
6.582900524139404 0.0
6.577415943145752 0.0
6.57487154006958 0.0
6.529926776885986 0.0
6.5168633460998535 0.0
6.511068820953369 0.0
6.5166707038879395 0.0
6.540659427642822 0.0
6.534084320068359 0.0
6.534563064575195 0.0
6.523319244384766 0.0
6.500888824462891 0.0
6.506303310394287 0.0
6.487893581390381 0.0
6.493666648864746 0.0
6.48045539855957 0.0
6.474654197692871 0.0
6.455167770385742 0.0
6.4482903480529785 0.0
6.458108901977539 0.0
6.4458327293396 0.0
6.442140579223633 0.0
6.419591903686523 0.0
6.41280460357666 0.0
6.399007320404053 0.0
6.397320747375488 0.0
6.387092113494873 0.0
6.380913734436035 0.0
6.364039421081543 0.0
6.359355926513672 0.0
6.365227699279785 0.0
6.347990989685059 0.0
6.3334455490112305 0.0
6.338536262512207 0.0
6.32982063293457 0.0
6.313389778137207 0.0
6.294300556182861 0.0
6.291908264160156 0.0
6.284941673278809 0.0
6.275444507598877 0.0
6.26234769821167 0.0
6.253117084503174 0.0
6.2487053871154785 0.0
6.250634670257568 0.0
6.241028785705566 0.0
6.235128402709961 0.0
6.22991418838501 0.0
6.2207350730896 0.0
6.227802753448486 0.0
6.218615531921387 0.0
6.220212459564209 0.0
6.203851222991943 0.0
6.190286636352539 0.0
6.180312156677246 0.0
6.1863203048706055 0.0
6.170914649963379 0.0
6.1619367599487305 0.0
6.1547017097473145 0.0
6.157193183898926 0.0
6.14315128326416 0.0
6.12776517868042 0.0
6.124888896942139 0.0
6.12530517578125 0.0
6.1141438484191895 0.0
6.115738868713379 0.0
6.111734390258789 0.0
6.112133979797363 0.0
6.0885419845581055 0.0
6.084405899047852 0.0
6.081957817077637 0.0
6.076783180236816 0.0
6.066027641296387 0.0
6.064332008361816 0.0
6.052905559539795 0.0
5.706175327301025 2000.0
5.661323547363281 2000.0
5.6546125411987305 2000.0
5.638342380523682 2000.0
5.6252946853637695 2000.0
5.629687309265137 2000.0
5.628776550292969 2000.0
5.626255512237549 2000.0
5.617347240447998 2000.0
5.6123738288879395 2000.0
5.6074419021606445 2000.0
5.612480163574219 2000.0
5.605351448059082 2000.0
5.61976432800293 2000.0
5.619379043579102 2000.0
5.6221160888671875 2000.0
5.624574661254883 2000.0
5.621844291687012 2000.0
5.640047550201416 2000.0
5.652879238128662 2000.0
5.663260459899902 2000.0
5.680908679962158 2000.0
5.711490631103516 2000.0
6.347161769866943 0.0
6.3492045402526855 0.0
6.376621723175049 0.0
6.388268947601318 0.0
6.406070709228516 0.0
6.439429759979248 0.0
6.421296119689941 0.0
6.417189121246338 0.0
6.418128490447998 0.0
6.409549236297607 0.0
6.431943416595459 0.0
6.438821315765381 0.0
6.460949420928955 0.0
6.471634387969971 0.0
6.49655294418335 0.0
6.515392303466797 0.0
9.332525253295898 0.0
9.32022762298584 0.0
9.295698165893555 0.0
9.293701171875 0.0
9.284944534301758 0.0
9.282976150512695 0.0
9.271827697753906 0.0
9.26001262664795 0.0
9.253593444824219 0.0
9.249043464660645 0.0
9.22841739654541 0.0
9.236507415771484 0.0
9.227766036987305 0.0
9.217185974121094 0.0
9.206413269042969 0.0
9.193582534790039 0.0
9.191137313842773 0.0
9.189208984375 0.0
9.17910099029541 0.0
9.170897483825684 0.0
9.168222427368164 0.0
9.153583526611328 0.0
9.134123802185059 0.0
9.132864952087402 0.0
9.13475513458252 0.0
9.12132740020752 0.0
9.121415138244629 0.0
9.107019424438477 0.0
9.099662780761719 0.0
9.059283256530762 0.0
9.057634353637695 0.0
9.082651138305664 0.0
9.077140808105469 0.0
9.077495574951172 0.0
9.065545082092285 0.0
9.056139945983887 0.0
9.053650856018066 0.0
9.041415214538574 0.0
9.050108909606934 0.0
9.028812408447266 0.0
9.016420364379883 0.0
9.029492378234863 0.0
9.007074356079102 0.0
9.007057189941406 0.0
9.002286911010742 0.0
8.977282524108887 0.0
8.983785629272461 0.0
8.966753959655762 0.0
8.965920448303223 0.0
8.96267318725586 0.0
8.953171730041504 0.0
8.953217506408691 0.0
8.93444538116455 0.0
8.94133186340332 0.0
8.90903091430664 0.0
8.909866333007812 0.0
8.89687442779541 0.0
8.908503532409668 0.0
8.892855644226074 0.0
8.875423431396484 0.0
8.879088401794434 0.0
8.867183685302734 0.0
8.867989540100098 0.0
8.853911399841309 0.0
8.85495662689209 0.0
8.85290241241455 0.0
8.839405059814453 0.0
8.839076042175293 0.0
8.842653274536133 0.0
8.83233642578125 0.0
8.822933197021484 0.0
8.821026802062988 0.0
8.818493843078613 0.0
8.801605224609375 0.0
8.809537887573242 0.0
8.789070129394531 0.0
8.787193298339844 0.0
8.78109073638916 0.0
8.773921012878418 0.0
8.772326469421387 0.0
8.762641906738281 0.0
8.752533912658691 0.0
8.743898391723633 0.0
8.74805736541748 0.0
8.748320579528809 0.0
8.736991882324219 0.0
8.735357284545898 0.0
8.678828239440918 0.0
8.680181503295898 0.0
8.69282341003418 0.0
8.710925102233887 0.0
8.86362361907959 0.0
9.087224006652832 0.0
9.09981632232666 0.0
9.078163146972656 0.0
9.074118614196777 0.0
9.068344116210938 0.0
9.064787864685059 0.0
9.111242294311523 0.0
9.148263931274414 0.0
9.175467491149902 0.0
9.152060508728027 0.0
9.145018577575684 0.0
9.19235610961914 0.0
9.205007553100586 0.0
9.263703346252441 0.0
12.643874168395996 0.0
12.643013954162598 0.0
12.628024101257324 0.0
12.63321304321289 0.0
12.621756553649902 0.0
12.634047508239746 0.0
12.703852653503418 0.0
12.740095138549805 0.0
12.805402755737305 0.0
12.84199333190918 0.0
12.91917610168457 0.0
12.95603084564209 0.0
13.040093421936035 0.0
13.078767776489258 0.0
13.15908432006836 0.0
13.192938804626465 0.0
13.271733283996582 0.0
13.311869621276855 0.0
13.369464874267578 0.0
15.121878623962402 0.0
15.117067337036133 0.0
13.975613594055176 0.0
13.973474502563477 0.0
13.953042030334473 0.0
12.485456466674805 0.0
12.4739408493042 0.0
12.46636962890625 0.0
12.47037124633789 0.0
12.455150604248047 0.0
12.44243335723877 0.0
12.457736015319824 0.0
12.49734115600586 0.0
12.591165542602539 0.0
12.620200157165527 0.0
12.671425819396973 0.0
12.759821891784668 0.0
12.810235977172852 0.0
12.86060905456543 0.0
12.945561408996582 0.0
12.998518943786621 0.0
13.080741882324219 0.0
13.133971214294434 0.0
13.186553001403809 0.0
15.003631591796875 0.0
13.814552307128906 0.0
13.803696632385254 0.0
13.799535751342773 0.0
13.791956901550293 0.0
13.783177375793457 0.0
13.777393341064453 0.0
13.782492637634277 0.0
13.894390106201172 0.0
13.959050178527832 0.0
14.01724624633789 0.0
14.127589225769043 0.0
14.18490982055664 0.0
14.254996299743652 0.0
14.311605453491211 0.0
14.434967041015625 0.0
14.494001388549805 0.0
14.82091999053955 0.0
14.821891784667969 0.0
14.813092231750488 0.0
14.80573844909668 0.0
14.820985794067383 0.0
14.877399444580078 0.0
14.94072437286377 0.0
15.004202842712402 0.0
15.14736270904541 0.0
15.232383728027344 0.0
15.297839164733887 0.0
15.440666198730469 0.0
15.525306701660156 0.0
25.739519119262695 0.0
25.73284912109375 0.0
25.71150779724121 0.0
25.706628799438477 0.0
25.690425872802734 0.0
25.68572425842285 0.0
25.678157806396484 0.0
25.662425994873047 0.0
25.65540313720703 0.0
25.657073974609375 0.0
25.644773483276367 0.0
25.635698318481445 0.0
25.633089065551758 0.0
25.613018035888672 0.0
25.594707489013672 0.0
25.587007522583008 0.0
25.58335304260254 0.0
25.568788528442383 0.0
25.563106536865234 0.0
25.545230865478516 0.0
25.548118591308594 0.0
25.535640716552734 0.0
25.53188133239746 0.0
25.51711654663086 0.0
25.51761817932129 0.0
25.498340606689453 0.0
25.490001678466797 0.0
25.48728370666504 0.0
25.473325729370117 0.0
25.216411590576172 2000.0
25.200950622558594 2000.0
25.19087028503418 2000.0
25.202491760253906 2000.0
25.226511001586914 2000.0
25.421079635620117 0.0
25.426855087280273 0.0
25.416362762451172 0.0
25.397249221801758 0.0
25.39725112915039 0.0
25.385637283325195 0.0
25.38657569885254 0.0
25.368600845336914 0.0
25.362241744995117 0.0
25.358400344848633 0.0
25.354917526245117 0.0
25.343236923217773 0.0
25.341442108154297 0.0
25.3189640045166 0.0
25.326950073242188 0.0
25.308002471923828 0.0
25.306062698364258 0.0
25.304956436157227 0.0
25.3001651763916 0.0
25.295135498046875 0.0
25.29633903503418 0.0
25.272411346435547 0.0
25.27775764465332 0.0
25.26921844482422 0.0
25.263202667236328 0.0
25.252830505371094 0.0
25.252269744873047 0.0
25.23394012451172 0.0
25.235252380371094 0.0
25.227651596069336 0.0
25.219329833984375 0.0
25.21113395690918 0.0
25.216041564941406 0.0
25.208580017089844 0.0
25.194612503051758 0.0
25.19502830505371 0.0
25.198156356811523 0.0
25.1837100982666 0.0
25.189353942871094 0.0
25.168315887451172 0.0
25.160348892211914 0.0
25.150604248046875 0.0
25.165922164916992 0.0
25.150617599487305 0.0
25.148834228515625 0.0
25.141599655151367 0.0
25.138086318969727 0.0
25.136476516723633 0.0
25.125518798828125 0.0
25.12847328186035 0.0
25.120943069458008 0.0
25.115882873535156 0.0
25.1095027923584 0.0
25.108917236328125 0.0
25.097850799560547 0.0
25.096242904663086 0.0
25.102184295654297 0.0
25.091476440429688 0.0
25.075870513916016 0.0
25.084300994873047 0.0
25.073928833007812 0.0
25.078781127929688 0.0
25.0625057220459 0.0
25.0662841796875 0.0
25.065704345703125 0.0
25.052337646484375 0.0
25.063385009765625 0.0
25.05281639099121 0.0
25.045028686523438 0.0
25.034563064575195 0.0
25.04485511779785 0.0
25.040023803710938 0.0
25.035173416137695 0.0
25.027233123779297 0.0
25.031579971313477 0.0
25.023151397705078 0.0
25.019060134887695 0.0
25.020769119262695 0.0
25.020885467529297 0.0
25.00871467590332 0.0
25.00870132446289 0.0
25.005706787109375 0.0
25.005996704101562 0.0
25.000083923339844 0.0
25.002174377441406 0.0
24.991287231445312 0.0
24.99498176574707 0.0
24.993986129760742 0.0
24.976327896118164 0.0
24.98298454284668 0.0
24.99346351623535 0.0
24.984397888183594 0.0
24.98438262939453 0.0
24.96906089782715 0.0
24.979473114013672 0.0
24.981801986694336 0.0
24.97749137878418 0.0
24.967119216918945 0.0
24.958730697631836 0.0
24.963598251342773 0.0
24.971675872802734 0.0
24.966699600219727 0.0
24.96390724182129 0.0
24.96980857849121 0.0
24.96562385559082 0.0
24.96098518371582 0.0
24.964204788208008 0.0
24.96170997619629 0.0
24.96327781677246 0.0
24.948837280273438 0.0
24.95450782775879 0.0
24.95570182800293 0.0
24.958513259887695 0.0
24.9497127532959 0.0
24.96517562866211 0.0
24.955968856811523 0.0
24.950864791870117 0.0
24.948213577270508 0.0
24.95425033569336 0.0
24.949161529541016 0.0
24.944751739501953 0.0
24.94029426574707 0.0
24.9612979888916 0.0
24.948036193847656 0.0
24.95635223388672 0.0
24.943241119384766 0.0
24.94053077697754 0.0
24.95453643798828 0.0
24.94898796081543 0.0
24.96084976196289 0.0
24.9476318359375 0.0
24.953784942626953 0.0
24.95226287841797 0.0
24.945344924926758 0.0
24.950082778930664 0.0
24.95761489868164 0.0
24.960115432739258 0.0
24.960391998291016 0.0
24.95522689819336 0.0
24.955429077148438 0.0
24.94915199279785 0.0
24.950828552246094 0.0
24.954959869384766 0.0
24.96767807006836 0.0
24.96200942993164 0.0
24.961408615112305 0.0
24.965892791748047 0.0
24.96477699279785 0.0
24.96377944946289 0.0
24.968278884887695 0.0
24.979225158691406 0.0
24.975507736206055 0.0
24.971111297607422 0.0
24.969820022583008 0.0
24.97569465637207 0.0
24.971450805664062 0.0
24.980979919433594 0.0
24.981739044189453 0.0
24.993207931518555 0.0
24.990999221801758 0.0
24.990406036376953 0.0
25.000925064086914 0.0
24.99159049987793 0.0
25.00070571899414 0.0
25.00360107421875 0.0
24.995054244995117 0.0
25.002769470214844 0.0
25.01043128967285 0.0
25.012920379638672 0.0
25.012407302856445 0.0
25.014490127563477 0.0
25.024385452270508 0.0
25.02583122253418 0.0
25.02225112915039 0.0
25.034454345703125 0.0
25.029949188232422 0.0
25.031482696533203 0.0
25.048139572143555 0.0
25.055633544921875 0.0
25.037094116210938 0.0
25.055707931518555 0.0
25.054473876953125 0.0
25.04398536682129 0.0
25.054553985595703 0.0
25.053123474121094 0.0
25.068408966064453 0.0
25.062746047973633 0.0
25.077499389648438 0.0
25.07615089416504 0.0
25.091548919677734 0.0
25.083873748779297 0.0
25.08941650390625 0.0
25.087783813476562 0.0
25.096153259277344 0.0
25.105112075805664 0.0
25.10721778869629 0.0
25.09984016418457 0.0
25.125577926635742 0.0
25.121591567993164 0.0
25.126562118530273 0.0
25.133867263793945 0.0
25.128631591796875 0.0
25.143474578857422 0.0
25.15361213684082 0.0
25.156278610229492 0.0
25.152053833007812 0.0
25.161048889160156 0.0
25.16351318359375 0.0
25.1700382232666 0.0
25.187307357788086 0.0
25.177875518798828 0.0
25.18665885925293 0.0
25.19027328491211 0.0
25.200977325439453 0.0
25.203542709350586 0.0
25.207040786743164 0.0
25.221385955810547 0.0
25.20680809020996 0.0
25.227916717529297 0.0
25.236366271972656 0.0
25.238574981689453 0.0
25.23762321472168 0.0
25.246896743774414 0.0
25.252614974975586 0.0
25.26229476928711 0.0
25.271013259887695 0.0
25.277236938476562 0.0
25.283729553222656 0.0
25.288482666015625 0.0
25.298786163330078 0.0
25.293170928955078 0.0
25.313100814819336 0.0
25.322357177734375 0.0
25.331571578979492 0.0
25.327064514160156 0.0
25.34014129638672 0.0
25.337209701538086 0.0
25.354520797729492 0.0
25.359455108642578 0.0
25.36378288269043 0.0
25.382509231567383 0.0
25.38435935974121 0.0
25.387718200683594 0.0
25.397937774658203 0.0
25.408084869384766 0.0
25.41038703918457 0.0
25.42766761779785 0.0
25.422035217285156 0.0
25.42281723022461 0.0
25.440214157104492 0.0
25.455341339111328 0.0
25.46316146850586 0.0
25.46879005432129 0.0
25.482574462890625 0.0
25.480844497680664 0.0
25.48380470275879 0.0
25.507495880126953 0.0
25.50717544555664 0.0
25.52721405029297 0.0
25.521934509277344 0.0
25.53354835510254 0.0
25.539352416992188 0.0
25.56081771850586 0.0
25.565168380737305 0.0
25.564193725585938 0.0
25.57308578491211 0.0
25.584951400756836 0.0
25.60932731628418 0.0
25.608667373657227 0.0
25.613712310791016 0.0
25.623624801635742 0.0
25.62178611755371 0.0
25.63961410522461 0.0
25.44964599609375 2000.0
25.413625717163086 2000.0
25.42279052734375 2000.0
25.44987678527832 2000.0
25.44904899597168 2000.0
25.699169158935547 0.0
25.713808059692383 0.0
25.72352409362793 0.0
25.737567901611328 0.0
25.73370933532715 0.0
11.334729194641113 2000.0
11.303824424743652 2000.0
11.278834342956543 2000.0
11.285097122192383 2000.0
11.274907112121582 2000.0
11.277297019958496 2000.0
11.280068397521973 2000.0
11.279857635498047 2000.0
11.285650253295898 2000.0
11.314518928527832 2000.0
25.87055015563965 0.0
25.8549747467041 0.0
25.883527755737305 0.0
25.893901824951172 0.0
25.91443634033203 0.0
25.922100067138672 0.0
25.924711227416992 0.0
25.929187774658203 0.0
25.951026916503906 0.0
25.967084884643555 0.0
25.972917556762695 0.0
25.981168746948242 0.0
25.990156173706055 0.0
26.014131546020508 0.0
26.021007537841797 0.0
26.04547882080078 0.0
26.05411148071289 0.0
26.052003860473633 0.0
26.05936622619629 0.0
26.08213996887207 0.0
26.099721908569336 0.0
26.108583450317383 0.0
26.109848022460938 0.0
26.1319637298584 0.0
26.144662857055664 0.0
26.166793823242188 0.0
26.183349609375 0.0
26.19144630432129 0.0
26.19268035888672 0.0
26.21155548095703 0.0
26.2276611328125 0.0
26.247222900390625 0.0
26.255033493041992 0.0
26.27201271057129 0.0
26.288827896118164 0.0
26.294675827026367 0.0
26.308534622192383 0.0
26.32000732421875 0.0
26.322912216186523 0.0
26.358684539794922 0.0
26.357742309570312 0.0
26.380443572998047 0.0
26.40239143371582 0.0
26.38902473449707 0.0
26.40838623046875 0.0
26.435636520385742 0.0
26.4531192779541 0.0
26.475868225097656 0.0
26.466251373291016 0.0
26.485990524291992 0.0
26.499168395996094 0.0
9.167375564575195 0.0
9.111099243164062 0.0
9.097887992858887 0.0
9.087603569030762 0.0
9.092586517333984 0.0
9.117972373962402 0.0
9.061020851135254 0.0
9.024383544921875 0.0
9.02171802520752 0.0
8.999750137329102 0.0
9.003753662109375 0.0
9.013909339904785 0.0
9.015295028686523 0.0
9.002638816833496 0.0
8.643182754516602 0.0
8.600598335266113 0.0
8.604923248291016 0.0
8.664998054504395 0.0
8.653546333312988 0.0
8.649369239807129 0.0
8.65346622467041 0.0
8.662740707397461 0.0
8.668011665344238 0.0
8.68057918548584 0.0
8.675610542297363 0.0
8.689884185791016 0.0
8.69408893585205 0.0
8.697959899902344 0.0
8.704633712768555 0.0
8.720158576965332 0.0
8.717327117919922 0.0
8.716693878173828 0.0
8.725631713867188 0.0
8.734088897705078 0.0
8.73494815826416 0.0
8.738349914550781 0.0
8.74935531616211 0.0
8.748431205749512 0.0
8.756025314331055 0.0
8.761228561401367 0.0
8.776884078979492 0.0
8.775036811828613 0.0
8.786666870117188 0.0
8.796409606933594 0.0
8.791733741760254 0.0
8.796364784240723 0.0
8.80675220489502 0.0
8.82395076751709 0.0
8.819512367248535 0.0
8.823060989379883 0.0
8.825053215026855 0.0
8.830278396606445 0.0
8.85290813446045 0.0
8.845013618469238 0.0
8.855629920959473 0.0
8.873360633850098 0.0
8.870789527893066 0.0
8.880500793457031 0.0
8.886159896850586 0.0
8.887202262878418 0.0
8.891061782836914 0.0
8.896434783935547 0.0
8.909716606140137 0.0
8.918035507202148 0.0
8.919922828674316 0.0
8.925379753112793 0.0
8.944101333618164 0.0
8.940802574157715 0.0
8.953485488891602 0.0
8.94781494140625 0.0
8.96413516998291 0.0
8.973198890686035 0.0
8.979804039001465 0.0
8.986122131347656 0.0
9.007206916809082 0.0
9.005796432495117 0.0
8.968371391296387 0.0
8.987464904785156 0.0
9.037460327148438 0.0
9.05115032196045 0.0
9.046003341674805 0.0
9.059256553649902 0.0
9.061273574829102 0.0
9.084226608276367 0.0
9.08092975616455 0.0
9.08385944366455 0.0
9.095852851867676 0.0
9.102583885192871 0.0
9.114485740661621 0.0
9.115584373474121 0.0
9.113442420959473 0.0
9.132501602172852 0.0
9.137351036071777 0.0
9.146368026733398 0.0
9.147467613220215 0.0
9.157247543334961 0.0
9.170875549316406 0.0
9.181079864501953 0.0
9.18124008178711 0.0
9.189143180847168 0.0
9.197847366333008 0.0
9.195598602294922 0.0
6.415385723114014 0.0
6.390065670013428 0.0
6.369687557220459 0.0
6.3446221351623535 0.0
6.352538108825684 0.0
6.323401927947998 0.0
6.31857967376709 0.0
6.330450057983398 0.0
6.370594024658203 0.0
6.346173286437988 0.0
6.347231388092041 0.0
6.32523775100708 0.0
6.299493789672852 0.0
6.279087543487549 0.0
6.256274223327637 0.0
6.26359224319458 0.0
6.2393951416015625 0.0
6.252859592437744 0.0
6.262387275695801 0.0
6.263089656829834 0.0
6.2740607261657715 0.0
6.275826930999756 0.0
6.275614261627197 0.0
6.283444881439209 0.0
6.294787406921387 0.0
6.086353778839111 0.0
6.084224700927734 0.0
6.07440710067749 0.0
6.0488810539245605 0.0
6.0237345695495605 0.0
5.906863689422607 0.0
5.883846282958984 0.0
5.891857147216797 0.0
5.8839616775512695 0.0
5.883678436279297 0.0
5.896108627319336 0.0
5.931929111480713 0.0
5.9364752769470215 0.0
5.938648223876953 0.0
5.949084758758545 0.0
5.94191312789917 0.0
5.953985214233398 0.0
5.963586330413818 0.0
5.9722418785095215 0.0
5.984912395477295 0.0
5.989312648773193 0.0
5.985158443450928 0.0
5.988795757293701 0.0
5.990594863891602 0.0
5.997126579284668 0.0
6.008535861968994 0.0
6.020348072052002 0.0
6.0169782638549805 0.0
6.036827087402344 0.0
6.031272888183594 0.0
6.037176132202148 0.0
6.045956611633301 0.0
6.051817417144775 0.0
6.053505897521973 0.0
6.072351455688477 0.0
6.0778422355651855 0.0
6.080482006072998 0.0
6.086094856262207 0.0
6.090641498565674 0.0
6.100786209106445 0.0
6.121791362762451 0.0
6.111093997955322 0.0
6.113767147064209 0.0
6.120060920715332 0.0
6.137406349182129 0.0
6.134259223937988 0.0
6.151926040649414 0.0
6.159898281097412 0.0
6.1699042320251465 0.0
6.1649627685546875 0.0
6.181375026702881 0.0
6.190724849700928 0.0
6.1950249671936035 0.0
6.19536828994751 0.0
6.204477310180664 0.0
6.221862316131592 0.0
6.210465431213379 0.0
6.227613925933838 0.0
6.238246917724609 0.0
6.252233028411865 0.0
6.2529072761535645 0.0
6.258565902709961 0.0
6.261542797088623 0.0
6.2645721435546875 0.0
6.280869960784912 0.0
6.29425573348999 0.0
6.300787448883057 0.0
6.301829814910889 0.0
6.3160247802734375 0.0
6.314237117767334 0.0
6.317384719848633 0.0
6.331350326538086 0.0
6.331151008605957 0.0
6.343453884124756 0.0
6.355607032775879 0.0
6.367250442504883 0.0
6.37937593460083 0.0
6.36629056930542 0.0
6.394772052764893 0.0
6.38692569732666 0.0
6.400092124938965 0.0
6.402673721313477 0.0
6.4401373863220215 0.0
6.422508239746094 0.0
6.427478313446045 0.0
6.415047645568848 0.0
6.418121337890625 0.0
6.42518424987793 0.0
6.480924606323242 0.0
6.486944198608398 0.0
6.509706497192383 0.0
6.507567882537842 0.0
6.505772590637207 0.0
6.522596836090088 0.0
6.532324314117432 0.0
6.542449474334717 0.0
6.554657459259033 0.0
6.561673164367676 0.0
6.5670552253723145 0.0
6.571416854858398 0.0
6.583106517791748 0.0
6.584451198577881 0.0
6.604368686676025 0.0
6.600456237792969 0.0
6.626697063446045 0.0
6.62780237197876 0.0
6.630998611450195 0.0
6.6435956954956055 0.0
6.64638614654541 0.0
6.656472682952881 0.0
6.668186664581299 0.0
6.684304237365723 0.0
6.675416946411133 0.0
6.68590784072876 0.0
6.703597545623779 0.0
6.711569786071777 0.0
6.722165584564209 0.0
6.740478992462158 0.0
6.730844020843506 0.0
6.746438503265381 0.0
6.751336574554443 0.0
6.7670488357543945 0.0
6.773172855377197 0.0
6.808007717132568 0.0
6.8068366050720215 0.0
6.8137288093566895 0.0
6.824291229248047 0.0
6.843578815460205 0.0
6.852677345275879 0.0
6.853021144866943 0.0
6.861541271209717 0.0
6.870514869689941 0.0
6.8899760246276855 0.0
6.893905162811279 0.0
6.905632972717285 0.0
6.9243879318237305 0.0
6.928258895874023 0.0
6.936903953552246 0.0
6.952682018280029 0.0
6.96662712097168 0.0
6.969749927520752 0.0
6.971309185028076 0.0
6.9794745445251465 0.0
7.000665664672852 0.0
7.013757228851318 0.0
7.025332450866699 0.0
7.029568672180176 0.0
7.026878356933594 0.0
7.003376483917236 0.0
7.013733386993408 0.0
7.0252532958984375 0.0
7.079111099243164 0.0
7.084390163421631 0.0
7.098750114440918 0.0
7.1085429191589355 0.0
7.1189165115356445 0.0
7.115996360778809 0.0
7.139685153961182 0.0
7.1439127922058105 0.0
7.1494855880737305 0.0
7.163400650024414 0.0
7.178255081176758 0.0
7.192903995513916 0.0
7.190576553344727 0.0
7.21950101852417 0.0
7.236360549926758 0.0
7.240346431732178 0.0
7.256763458251953 0.0
7.267948150634766 0.0
7.28434419631958 0.0
7.288533687591553 0.0
7.308217525482178 0.0
7.310572147369385 0.0
7.328627586364746 0.0
7.345789909362793 0.0
7.3593974113464355 0.0
7.366889476776123 0.0
7.383723735809326 0.0
7.378830909729004 0.0
7.394681930541992 0.0
7.415924549102783 0.0
7.4322428703308105 0.0
7.432188987731934 0.0
7.451180458068848 0.0
7.468163967132568 0.0
7.475666522979736 0.0
7.486741542816162 0.0
7.496344089508057 0.0
7.507352828979492 0.0
7.531089782714844 0.0
7.536993980407715 0.0
7.553796768188477 0.0
7.56393575668335 0.0
7.5805511474609375 0.0
7.5886921882629395 0.0
7.606124401092529 0.0
7.6232099533081055 0.0
7.637101173400879 0.0
7.658768653869629 0.0
7.664771556854248 0.0
7.656364917755127 0.0
7.648846626281738 0.0
7.662503242492676 0.0
7.741359233856201 0.0
7.7518110275268555 0.0
7.772515773773193 0.0
4.069550514221191 0.0
4.0658721923828125 0.0
4.05695915222168 0.0
4.0466203689575195 0.0
4.049708366394043 0.0
4.044903755187988 0.0
4.038114547729492 0.0
4.039167404174805 0.0
4.030120372772217 0.0
4.018212795257568 0.0
4.020975112915039 0.0
4.021007061004639 0.0
4.00954008102417 0.0
4.003798961639404 0.0
3.987879991531372 0.0
3.9935429096221924 0.0
3.9867606163024902 0.0
3.996509075164795 0.0
4.000674724578857 0.0
4.008968353271484 0.0
4.029789924621582 0.0
4.024490833282471 0.0
4.0162272453308105 0.0
4.022270679473877 0.0
4.013543128967285 0.0
4.005016326904297 0.0
4.011780261993408 0.0
4.002137184143066 0.0
3.998363971710205 0.0
3.987943649291992 0.0
3.9895646572113037 0.0
3.983468770980835 0.0
3.97524094581604 0.0
3.965158462524414 0.0
3.964968681335449 0.0
3.963038206100464 0.0
3.95732045173645 0.0
3.976383924484253 0.0
3.9796905517578125 0.0
3.9942660331726074 0.0
3.9958302974700928 0.0
4.002954483032227 0.0
4.01215934753418 0.0
4.012457370758057 0.0
4.025420665740967 0.0
4.024411201477051 0.0
4.046465873718262 0.0
4.06063175201416 0.0
4.067853927612305 0.0
4.066075801849365 0.0
4.082202434539795 0.0
4.089369297027588 0.0
4.09341287612915 0.0
4.115489482879639 0.0
4.12424373626709 0.0
4.131206512451172 0.0
4.140826225280762 0.0
4.152571678161621 0.0
4.157711982727051 0.0
3.852095127105713 0.0
3.8450000286102295 0.0
3.8470280170440674 0.0
3.8354644775390625 0.0
3.838310956954956 0.0
3.8310275077819824 0.0
3.8340346813201904 0.0
3.8324499130249023 0.0
3.8210926055908203 0.0
3.817617654800415 0.0
3.8082029819488525 0.0
3.811406135559082 0.0
3.805046558380127 0.0
3.7970426082611084 0.0
3.7984495162963867 0.0
3.7883386611938477 0.0
3.794741153717041 0.0
3.779669761657715 0.0
3.780064821243286 0.0
3.7108113765716553 0.0
3.715881824493408 0.0
3.709041118621826 0.0
3.6972367763519287 0.0
3.701066493988037 0.0
3.6882731914520264 0.0
3.6927573680877686 0.0
3.69138503074646 0.0
3.6946542263031006 0.0
3.709373712539673 0.0
3.775869607925415 0.0
3.7786738872528076 0.0
3.793454647064209 0.0
3.805671215057373 0.0
3.794546127319336 0.0
3.825934886932373 0.0
3.830322027206421 0.0
3.8401644229888916 0.0
3.845400094985962 0.0
3.853727102279663 0.0
3.8766870498657227 0.0
3.8773107528686523 0.0
3.894646167755127 0.0
3.8812408447265625 0.0
3.911503314971924 0.0
3.9173765182495117 0.0
3.9218759536743164 0.0
3.9364120960235596 0.0
3.9464399814605713 0.0
3.953462839126587 0.0
3.9638168811798096 0.0
3.976924180984497 0.0
3.9883735179901123 0.0
4.00153923034668 0.0
4.010456562042236 0.0
4.008308410644531 0.0
4.037936210632324 0.0
4.048253059387207 0.0
4.061903953552246 0.0
4.055441856384277 0.0
4.068840503692627 0.0
4.085271835327148 0.0
4.09163236618042 0.0
4.1018853187561035 0.0
4.119240760803223 0.0
4.128523826599121 0.0
4.1442718505859375 0.0
4.151780128479004 0.0
4.17536735534668 0.0
4.170073509216309 0.0
4.214165210723877 0.0
4.209603786468506 0.0
4.213283061981201 0.0
4.230579853057861 0.0
4.249880313873291 0.0
4.258058071136475 0.0
4.266700744628906 0.0
4.284457683563232 0.0
4.296244144439697 0.0
4.303223609924316 0.0
4.324064254760742 0.0
4.328827857971191 0.0
4.3436665534973145 0.0
4.352097988128662 0.0
4.372247219085693 0.0
4.385498046875 0.0
4.388798713684082 0.0
4.400985240936279 0.0
4.425012588500977 0.0
4.433278560638428 0.0
4.448984146118164 0.0
4.473628997802734 0.0
4.4671173095703125 0.0
4.498751640319824 0.0
4.492945671081543 0.0
4.48953104019165 0.0
4.488583564758301 0.0
4.492524147033691 0.0
4.5220947265625 0.0
4.610771656036377 0.0
4.624582290649414 0.0
4.628529071807861 0.0
4.649632453918457 0.0
4.673585414886475 0.0
4.688791275024414 0.0
4.703040599822998 0.0
4.714200496673584 0.0
4.728490829467773 0.0
4.7499237060546875 0.0
4.755115985870361 0.0
4.780517101287842 0.0
4.794567108154297 0.0
4.807944297790527 0.0
4.836795330047607 0.0
4.84354305267334 0.0
4.843338489532471 0.0
4.858757972717285 0.0
4.8629255294799805 0.0
4.881474494934082 0.0
4.896515369415283 0.0
4.929981708526611 0.0
4.940711975097656 0.0
4.964570999145508 0.0
4.966911315917969 0.0
5.022579669952393 0.0
5.030726909637451 0.0
5.061769962310791 0.0
5.060787200927734 0.0
5.08784818649292 0.0
5.10080099105835 0.0
5.116418361663818 0.0
5.1324567794799805 0.0
5.161712169647217 0.0
5.1791157722473145 0.0
5.192835330963135 0.0
5.22993803024292 0.0
5.239078044891357 0.0
5.271017551422119 0.0
5.286837100982666 0.0
5.302807807922363 0.0
5.312474250793457 0.0
5.319417953491211 0.0
5.319302558898926 0.0
5.306556224822998 0.0
5.299858570098877 0.0
5.328814506530762 0.0
5.408174991607666 0.0
5.442352294921875 0.0
5.4528045654296875 0.0
5.483226776123047 0.0
5.495270729064941 0.0
5.529763698577881 0.0
5.541720390319824 0.0
5.556307315826416 0.0
5.579166412353516 0.0
5.602941989898682 0.0
5.633178234100342 0.0
5.6501336097717285 0.0
5.671246528625488 0.0
5.700750827789307 0.0
5.720976829528809 0.0
5.743345260620117 0.0
5.768870830535889 0.0
5.8008904457092285 0.0
5.835637092590332 0.0
5.856790542602539 0.0
5.880634784698486 0.0
5.9103102684021 0.0
5.928378105163574 0.0
5.96155309677124 0.0
5.965404987335205 0.0
5.986801624298096 0.0
6.029378414154053 0.0
6.052358627319336 0.0
6.075045585632324 0.0
6.105018615722656 0.0
6.132599830627441 0.0
6.129883289337158 0.0
6.121923446655273 0.0
6.147701740264893 0.0
6.298605442047119 0.0
6.325016975402832 0.0
6.3629150390625 0.0
6.375767230987549 0.0
6.401976108551025 0.0
6.446179389953613 0.0
6.463859558105469 0.0
6.4937286376953125 0.0
6.500872611999512 0.0
6.518810272216797 0.0
6.570756912231445 0.0
6.595366954803467 0.0
6.644008636474609 0.0
6.69948148727417 0.0
6.713304042816162 0.0
6.7611188888549805 0.0
6.805274963378906 0.0
6.839028835296631 0.0
6.86959981918335 0.0
6.8921966552734375 0.0
6.949478626251221 0.0
6.967322826385498 0.0
6.976475715637207 0.0
6.971943378448486 0.0
6.984803676605225 0.0
6.980792045593262 0.0
15.582737922668457 0.0
15.58110237121582 0.0
15.5718994140625 0.0
15.56833553314209 0.0
15.56462574005127 0.0
15.551393508911133 0.0
15.547636032104492 0.0
15.538370132446289 0.0
15.533318519592285 0.0
15.513132095336914 0.0
15.518011093139648 0.0
15.51082992553711 0.0
15.508002281188965 0.0
15.492855072021484 0.0
15.491958618164062 0.0
15.485729217529297 0.0
15.46896743774414 0.0
15.471487998962402 0.0
15.4567232131958 0.0
15.45767879486084 0.0
15.441670417785645 0.0
15.443500518798828 0.0
15.429530143737793 0.0
15.42828369140625 0.0
15.429794311523438 0.0
15.424293518066406 0.0
15.404271125793457 0.0
15.40797233581543 0.0
15.40351390838623 0.0
15.395377159118652 0.0
15.38321304321289 0.0
15.386052131652832 0.0
15.384032249450684 0.0
15.375322341918945 0.0
15.361056327819824 0.0
15.357537269592285 0.0
15.350293159484863 0.0
15.35201358795166 0.0
15.338397979736328 0.0
15.336284637451172 0.0
15.331164360046387 0.0
15.321600914001465 0.0
15.319513320922852 0.0
15.325541496276855 0.0
15.317374229431152 0.0
15.310011863708496 0.0
15.298733711242676 0.0
15.287879943847656 0.0
15.29001522064209 0.0
15.294134140014648 0.0
15.281315803527832 0.0
14.95448112487793 2000.0
14.913403511047363 2000.0
14.902807235717773 2000.0
14.901446342468262 2000.0
14.898993492126465 2000.0
14.910179138183594 2000.0
14.906856536865234 2000.0
14.973030090332031 2000.0
15.234654426574707 0.0
15.228632926940918 0.0
15.224794387817383 0.0
15.217720985412598 0.0
15.220735549926758 0.0
15.223644256591797 0.0
15.20231819152832 0.0
15.208454132080078 0.0
15.200218200683594 0.0
15.201765060424805 0.0
15.185972213745117 0.0
15.179637908935547 0.0
15.18134593963623 0.0
15.186506271362305 0.0
15.175029754638672 0.0
15.162445068359375 0.0
15.172270774841309 0.0
15.163015365600586 0.0
15.161895751953125 0.0
15.156505584716797 0.0
15.14467716217041 0.0
15.133522987365723 0.0
15.136411666870117 0.0
15.144445419311523 0.0
15.134064674377441 0.0
15.140965461730957 0.0
15.12922477722168 0.0
15.118183135986328 0.0
15.11678695678711 0.0
15.11030101776123 0.0
15.11406135559082 0.0
15.106429100036621 0.0
15.098897933959961 0.0
15.108255386352539 0.0
15.103302955627441 0.0
15.103662490844727 0.0
15.106748580932617 0.0
15.089154243469238 0.0
15.08294677734375 0.0
15.06959056854248 0.0
15.075834274291992 0.0
15.07745361328125 0.0
15.08168888092041 0.0
15.068374633789062 0.0
15.066207885742188 0.0
15.064943313598633 0.0
15.052699089050293 0.0
15.066298484802246 0.0
15.062067985534668 0.0
15.048070907592773 0.0
15.048017501831055 0.0
15.048020362854004 0.0
15.051484107971191 0.0
15.041375160217285 0.0
15.039051055908203 0.0
15.032472610473633 0.0
15.038437843322754 0.0
15.036887168884277 0.0
15.028454780578613 0.0
15.017616271972656 0.0
15.030351638793945 0.0
15.019108772277832 0.0
15.018715858459473 0.0
15.019006729125977 0.0
15.014540672302246 0.0
15.019362449645996 0.0
15.013548851013184 0.0
15.008292198181152 0.0
15.011752128601074 0.0
15.004185676574707 0.0
15.00121021270752 0.0
15.000594139099121 0.0
15.003189086914062 0.0
14.999260902404785 0.0
15.004800796508789 0.0
14.99083137512207 0.0
14.989983558654785 0.0
14.98586368560791 0.0
14.982275009155273 0.0
14.985925674438477 0.0
14.981611251831055 0.0
14.976120948791504 0.0
14.972867965698242 0.0
14.987462043762207 0.0
14.979917526245117 0.0
14.9789400100708 0.0
14.969945907592773 0.0
14.976648330688477 0.0
14.976462364196777 0.0
14.979522705078125 0.0
14.96846866607666 0.0
14.963373184204102 0.0
14.9668607711792 0.0
14.968214988708496 0.0
14.964513778686523 0.0
14.961695671081543 0.0
14.969412803649902 0.0
14.955117225646973 0.0
14.957002639770508 0.0
14.96043586730957 0.0
14.959699630737305 0.0
14.96103286743164 0.0
7.174641132354736 0.0
7.179409027099609 0.0
7.180861473083496 0.0
7.188079833984375 0.0
7.1816511154174805 0.0
7.178823471069336 0.0
7.177152156829834 0.0
7.181715488433838 0.0
7.1811676025390625 0.0
7.183096885681152 0.0
7.1771979331970215 0.0
7.314001560211182 0.0
7.298966884613037 0.0
7.302396297454834 0.0
7.310264587402344 0.0
7.302378177642822 0.0
7.296985626220703 0.0
7.294425964355469 0.0
7.306766986846924 0.0
7.303263187408447 0.0
7.302779197692871 0.0
7.289604663848877 0.0
7.297696113586426 0.0
7.299349308013916 0.0
7.303187847137451 0.0
7.300713539123535 0.0
7.296310901641846 0.0
7.30159854888916 0.0
7.306395053863525 0.0
7.305587291717529 0.0
7.299820423126221 0.0
7.2908935546875 0.0
7.30738639831543 0.0
7.191056728363037 0.0
7.185105800628662 0.0
7.186288833618164 0.0
7.173935413360596 0.0
7.175720691680908 0.0
7.174360752105713 0.0
7.1806135177612305 0.0
7.1884942054748535 0.0
7.182406425476074 0.0
7.182614326477051 0.0
7.176185607910156 0.0
14.966083526611328 0.0
14.960631370544434 0.0
14.958176612854004 0.0
14.969099998474121 0.0
14.958250045776367 0.0
14.967134475708008 0.0
14.953627586364746 0.0
14.968113899230957 0.0
14.96535587310791 0.0
14.964774131774902 0.0
14.970489501953125 0.0
14.969466209411621 0.0
14.974427223205566 0.0
6.696567535400391 0.0
6.703006267547607 0.0
6.700196743011475 0.0
6.697126865386963 0.0
6.518233776092529 0.0
5.797686576843262 0.0
5.800036907196045 0.0
5.816051483154297 0.0
5.815339088439941 0.0
5.81008243560791 0.0
5.803674221038818 0.0
5.771701335906982 0.0
4.943139553070068 0.0
4.930905818939209 0.0
4.945415496826172 0.0
4.9391584396362305 0.0
4.9318366050720215 0.0
4.935513019561768 0.0
4.902961730957031 0.0
4.814294815063477 0.0
4.687071323394775 0.0
4.5906243324279785 0.0
4.506288528442383 0.0
4.0418548583984375 0.0
4.047266483306885 0.0
4.046494483947754 0.0
4.04298210144043 0.0
4.041941165924072 0.0
4.050060749053955 0.0
4.04072380065918 0.0
4.0471673011779785 0.0
4.013656139373779 0.0
3.9520602226257324 0.0
3.9617462158203125 0.0
3.8886561393737793 0.0
3.819149971008301 0.0
3.688371181488037 0.0
3.6270625591278076 0.0
3.5710792541503906 0.0
3.1491143703460693 0.0
3.1336209774017334 0.0
3.1296112537384033 0.0
3.1398797035217285 0.0
3.126331329345703 0.0
3.139620304107666 0.0
3.144197463989258 0.0
3.12872576713562 0.0
3.135821580886841 0.0
3.1321680545806885 0.0
3.138221025466919 0.0
3.16538143157959 0.0
3.139016628265381 0.0
3.1361148357391357 0.0
3.1448380947113037 0.0
3.1479861736297607 0.0
3.142759084701538 0.0
3.1456007957458496 0.0
3.1435046195983887 0.0
3.143958806991577 0.0
3.1484196186065674 0.0
3.145631790161133 0.0
3.141549587249756 0.0
3.1442604064941406 0.0
3.1430225372314453 0.0
3.150456190109253 0.0
3.1402854919433594 0.0
3.144787549972534 0.0
3.1525447368621826 0.0
3.202554702758789 0.0
3.2054994106292725 0.0
3.199568271636963 0.0
3.206080436706543 0.0
3.195584297180176 0.0
3.207120895385742 0.0
3.209726572036743 0.0
3.217357635498047 0.0
3.2142441272735596 0.0
3.209074020385742 0.0
3.2152528762817383 0.0
3.2105188369750977 0.0
3.2124123573303223 0.0
3.2094860076904297 0.0
3.2212133407592773 0.0
3.2235028743743896 0.0
3.2155988216400146 0.0
3.214271306991577 0.0
3.2302210330963135 0.0
4.137413024902344 0.0
4.144496440887451 0.0
4.142271041870117 0.0
4.062706470489502 0.0
4.015522480010986 0.0
3.985670804977417 0.0
3.947035789489746 0.0
3.896315336227417 0.0
3.901132822036743 0.0
3.8608345985412598 0.0
3.8291945457458496 0.0
3.7994725704193115 0.0
3.7583961486816406 0.0
3.7412967681884766 0.0
3.7416179180145264 0.0
3.711678981781006 0.0
3.6769511699676514 0.0
3.643632650375366 0.0
3.612169027328491 0.0
3.591097354888916 0.0
3.5977821350097656 0.0
3.566351890563965 0.0
3.524218797683716 0.0
3.509028673171997 0.0
3.462695598602295 0.0
3.446550130844116 0.0
3.440505027770996 0.0
3.4080209732055664 0.0
3.378570318222046 0.0
3.3464925289154053 0.0
3.3252792358398438 0.0
3.2961392402648926 0.0
3.3012783527374268 0.0
3.274660587310791 0.0
3.2551867961883545 0.0
3.261552333831787 0.0
3.2636899948120117 0.0
3.263058662414551 0.0
3.265986919403076 0.0
3.2547669410705566 0.0
3.271350860595703 0.0
3.269690990447998 0.0
3.2739405632019043 0.0
3.265451431274414 0.0
3.267770528793335 0.0
3.274132251739502 0.0
3.2830348014831543 0.0
3.2793052196502686 0.0
3.285024881362915 0.0
3.274277448654175 0.0
3.288100242614746 0.0
3.281566619873047 0.0
3.277529239654541 0.0
3.2867703437805176 0.0
3.284996271133423 0.0
3.300140142440796 0.0
3.2921509742736816 0.0
3.2970376014709473 0.0
3.2940216064453125 0.0
3.288492441177368 0.0
3.292215585708618 0.0
3.3038012981414795 0.0
3.3007912635803223 0.0
3.3022449016571045 0.0
3.306128740310669 0.0
3.3012897968292236 0.0
3.304476022720337 0.0
3.2763476371765137 0.0
3.266289234161377 0.0
3.2486331462860107 0.0
3.2505812644958496 0.0
3.2591679096221924 0.0
3.2574074268341064 0.0
3.253391981124878 0.0
3.260061025619507 0.0
3.2584149837493896 0.0
3.260564088821411 0.0
3.270237684249878 0.0
15.71869945526123 0.0
15.734986305236816 0.0
15.748509407043457 0.0
15.750824928283691 0.0
15.766825675964355 0.0
15.764274597167969 0.0
15.778779029846191 0.0
15.788439750671387 0.0
15.792413711547852 0.0
15.79613971710205 0.0
15.800427436828613 0.0
15.824923515319824 0.0
15.827527046203613 0.0
15.83249568939209 0.0
15.842287063598633 0.0
15.84489917755127 0.0
15.855217933654785 0.0
15.863227844238281 0.0
15.888832092285156 0.0
15.885475158691406 0.0
15.898880958557129 0.0
15.903416633605957 0.0
15.917487144470215 0.0
15.92563533782959 0.0
15.929818153381348 0.0
15.940443992614746 0.0
15.943929672241211 0.0
15.961173057556152 0.0
15.971296310424805 0.0
15.977341651916504 0.0
3.1079916954040527 2000.0
3.095964193344116 2000.0
3.086534261703491 2000.0
3.0792396068573 2000.0
3.074094772338867 2000.0
3.068345546722412 2000.0
3.061511278152466 2000.0
3.0528407096862793 2000.0
3.055398464202881 2000.0
3.0572588443756104 2000.0
3.0460045337677 2000.0
3.044229030609131 2000.0
3.044389247894287 2000.0
3.044304370880127 2000.0
3.052128314971924 2000.0
3.0409493446350098 2000.0
3.0375804901123047 2000.0
3.0384838581085205 2000.0
3.040149211883545 2000.0
3.0459835529327393 2000.0
3.0351836681365967 2000.0
3.038963556289673 2000.0
3.043060541152954 2000.0
3.0373873710632324 2000.0
3.035074472427368 2000.0
