-3.214987551769594 -0.8209495785260637 0.0002002645125485851 0.00018908251857992794 0.0 67 1
-2.785581738236114 -1.1611531703258977 0.00012371984406739532 0.0002475976072592101 0.0 82 1
-6.938385537882196 -3.9190732639520234 0.0004815091675817643 0.0002396925553608021 0.0 41 1
-6.768963551707595 -3.9541427128694915 0.0006212377109986884 0.00022474085693812478 0.0 52 1
-4.7667164700171805 -3.9257411732191 0.0003071195822468306 0.00024030510961695363 0.0 67 1
-4.876382065395877 -9.386424183664591 7.072603471576727e-06 0.0001763596933976554 0.0 44 1
-4.869809109432769 -9.927345669382486 9.915385713893789e-05 0.00017763418638781683 0.0 54 1
-1.0584291212667707 -3.6893569379094013 0.0005951429952615206 4.6935440318762283e-05 0.0 69 1
-0.8471935851220473 -3.941134427503975 0.0007826443764339802 0.00012911638002769524 0.0 84 1
4.696855832352327 -8.175947452045653 4.041524388936439e-05 2.4881610282658147e-05 0.0 40 1
4.692411539546649 -7.840184524903892 2.9268053696276713e-06 0.00011102355513994015 0.0 39 1
4.692622956732835 -4.232178885780683 6.625059145873177e-06 1.3196843992779645e-05 0.0 10 1
6.784542339955482 -3.935584895702001 0.0002636455201243864 0.00023454079090345074 0.0 62 1
2.9986237161787543 -1.1530739921826645 7.339027940896322e-05 0.0002809930089889382 0.0 56 1
3.3761788429619894 -0.8042859028801996 6.915333470210718e-05 0.000187605966481511 0.0 52 1
7.310049880950384 -0.043932856398149873 0.00010010028114254084 0.00020165409742224446 0.0 48 1
7.314577480064902 0.034889590856697704 0.00015233175626276418 0.00040070994354190874 0.0 93 1
14.618704205720508 2.0060133073222923 0.0005366634014474975 0.00044978718213113954 0.0 73 1
3.3012376907601864 2.0064950236957535 2.9306150098142784e-05 0.0002552974185441639 0.0 71 1
3.2908084006260787 2.4924409003738957 4.697546114228279e-05 0.0005466577911137114 0.0 79 1
3.0349555436242452 4.711865282529362 0.0002422223957064927 0.0003526813846757155 0.0 77 1
3.329275771250524 8.06702187381424 0.0006790628359537531 0.00031083777329016173 0.0 73 1
-3.1455553968218952 8.055133558582256 0.000693942660200026 7.967460569659338e-05 0.0 88 1
-3.1317453067133623 5.001813248447437 0.0001501471554117849 0.0003183627106085784 0.0 95 1
-3.109584092864417 2.478494449995145 4.937483012167804e-05 0.00023156999084279891 0.0 80 1
-3.122037686126582 1.9909984767144122 0.0002151761514653879 0.0001830302996803515 0.0 77 1
-14.618009897157537 3.0555007697916636 0.0003348118589717407 0.0004908706182829095 0.0 65 1
4.60509108163204 -3.9310422338073154 0.0001254610388119989 0.00018443365827114632 0.0 33 2
3.480832815261944 2.364467948956175 0.00015518927310826435 0.0003492562149452645 0.0 13 12
3.5967232482020526 8.059556793337917 0.0007797506084219186 0.000229590054887869 0.0 5 12
3.9301088910718023 11.846989575051278 8.129125488943341e-09 8.971081666250152e-07 0.0 2 22
4.330567425692918 12.257739778341648 1.0043420985517601e-06 3.6300030986237407e-06 0.0 2 23
-8.848012993053304 -4.633448320223999 0.000159991074215895 6.906626174075421e-05 0.0 11 41
-4.118799520552085 8.118025221168025 6.0173731403827295e-05 1.2309858535161603e-05 0.0 2 41
-7.303265382850973 -0.009367941583194081 0.00017457517089069252 0.0005035345216433953 0.0 27 41
14.952899189895009 1.7615606348532098 0.00013044511113080454 0.0007611658226606902 0.0 93 42
-3.535189897626236 8.018432318965871 6.984514933535988e-05 4.541799423970821e-07 0.0 3 42
-3.3643912903863966 4.985477134541835 0.00014636050381553202 1.2425345739126683e-05 0.0 15 43
-5.07763970867635 -3.997235800843227 0.0006431067262935621 0.00012222277402948635 0.0 8 49
4.9728451491424535 -3.9176496746561416 0.0 0.0 0.0 1 49
14.943966924315575 2.501090616815021 1.5825649642810685e-05 0.00023190334055152358 0.0 27 49
-3.3298823135157942 1.9849419213700505 0.00012438051084571545 1.6097300302169455e-05 0.0 2 51
-3.357695739173559 2.3118622502914743 0.0004760150685657966 0.00011284683093876251 0.0 23 53
3.309274438627168 -0.3734555837834596 0.00045440941823204656 0.00047033901500293776 0.0 70 56
3.5320156885182303 -0.383831983849716 0.0005357415011744417 0.00012545050051786163 0.0 31 59
14.632655855936939 2.2212740096162302 1.0886785475507245e-05 9.573699056592025e-06 0.0 3 60
4.178888643193974 8.191385305638029 0.00019469022757579962 0.00015472160359755632 0.0 5 62
7.3717011375898664 0.2478972234315306 0.0005037405266401489 0.00035280027005791295 0.0 7 63
-9.12995574471696 -4.623677838031029 0.0 0.0 0.0 1 63
-3.1713361690709507 -0.4051895362690363 0.0006079360882373922 0.00014923851513279538 0.0 36 67
-4.804866372118761 -4.285430666052744 0.0 0.0 0.0 1 67
-7.323550401536818 0.1960682106630004 0.00018206709652289954 0.00014861815860364448 0.0 3 68
3.31283563903348 -0.9809867008796177 0.00036318924428226833 0.0006099321901178377 0.0 79 69
-3.4099348625652177 -0.3938710487565554 0.0005219051871953548 0.00012766122091458092 0.0 21 70
7.158258780693201 0.2910911939655716 0.0002414209022495739 0.0003698551510529512 0.0 25 73
1.1462914193058396 -3.9246352346311113 0.0004179294084573502 0.00023674652488715764 0.0 12 75
-5.651464336018921 13.621155539766235 0.0004564400806170705 8.453491956710631e-05 0.0 14 77
-3.120722731487902 5.484573134301839 0.00015955677238540435 0.00043769076460517043 0.0 31 82
-6.14626441176229 13.680446886802347 0.0005445720155682847 0.0004278545561780905 0.0 37 84
12.423887474575444 6.362426783782121 0.00020805675289011378 0.0004398419307635027 0.0 10 85
14.94942067333148 1.973071403078741 3.319639573855263e-06 0.00015098786229077277 0.0 5 86
12.440511458061948 6.803141241623765 3.725808072836161e-05 0.00018764725543392433 0.0 5 86
14.940103671690414 6.276988067017425 0.00015749161881418346 0.0004429174911029029 0.0 12 88
3.2942783472409856 5.4999365647995075 2.855719842701444e-05 0.00024798287861725534 0.0 26 94
-3.3566375282225853 5.356610003774797 0.00023265410857034098 0.0003545409481033902 0.0 21 96
3.4893005105917423 2.6035897844613216 0.000814339347432709 6.026896533131672e-05 0.0 22 103
3.483096218048492 5.346868197527016 0.00018991741599710672 8.017907333430493e-05 0.0 8 104
4.389099243585149 11.85641456546541 0.00011971759145490077 0.00021344330518167654 0.0 77 104
14.948303088283188 2.2344150685840005 0.00010857775922432589 0.0008361882030324033 0.0 75 105
14.96415955322226 5.9706602989577 0.0 0.0 0.0 1 106
3.437575066548417 8.359608594010938 0.0001039352974479012 5.9983129104814694e-05 0.0 3 107
-7.310778312541752 7.573165877559976 7.200554425593809e-05 0.0003525879954883019 0.0 47 110
-3.1118636042901593 8.532843069713625 3.687509702009899e-05 0.00015795428369110904 0.0 35 112
-3.3193585732053172 2.6077270744003176 0.0005256976094799779 0.00017226164247899944 0.0 35 112
-3.1150316610437416 -0.9799409740035511 0.00036383613848619005 6.324927154109616e-05 0.0 10 112
-4.875809322201976 -9.594824257522173 0.0 0.0 0.0 1 112
-7.17821010962507 7.286443429553987 0.00021668815281393982 7.009486118959137e-05 0.0 6 113
4.917002280037617 11.881399309666715 2.7926597199102277e-05 0.00041844347755482685 0.0 64 115
3.298628787663702 5.003516758191368 0.0004929061714111943 0.0005865468742967549 0.0 50 116
7.306809596327855 7.562452737118319 0.00011328339389021013 0.0002952719056164586 0.0 39 118
7.163040029469499 7.284477568708951 0.0004693131811690729 0.0002740690231124374 0.0 18 119
7.174976779455453 14.771062368620068 5.910752239163718e-05 0.00013564914284277667 0.0 5 122
-7.4249892375293 7.268367944346203 0.0005531080929220078 0.00013720632764443287 0.0 40 125
3.291267893601459 8.53480797781895 5.238450147530214e-05 0.00016060865179034543 0.0 29 126
3.8653196740459244 13.254569942005382 3.370319137308482e-05 0.0002492834339428745 0.0 74 127
-2.8142347754263417 10.946217815721685 0.0001050361684988766 0.00021103349933013037 0.0 31 130
-3.2358471873334094 5.211207757542975 0.0004540763583657619 0.0002114146855115519 0.0 8 130
-3.3485864569336963 8.38866418400512 0.0002716431519789684 0.00014159650591448318 0.0 16 136
3.512249074605621 5.595399703878272 0.0008264012249435654 0.00019430706455706378 0.0 38 138
3.719872518806239 5.588695175158804 0.00048696181077330245 5.903128867176028e-05 0.0 9 139
-3.6102884854060595 -0.3932812545143003 0.0 0.0 0.0 1 139
-6.036403826532246 13.374743247454058 1.1276770917873136e-05 1.0188662229223738e-05 0.0 3 140
3.828096920610521 14.332636869640366 3.0206021557435706e-05 0.0002898271673821263 0.0 69 141
-3.5042491379219967 5.6052801006595425 0.0005510150903109729 0.0003458267615964164 0.0 22 142
-5.50447411659045 13.364003342438322 4.342487902410571e-05 3.484919670226794e-05 0.0 28 147
-3.575360641037616 2.6227888721193775 0.0005865082678818076 0.00035289104198432653 0.0 13 148
12.486344308635296 13.340533266575525 6.595531397936305e-05 0.0005917830791778804 0.0 40 150
12.205367067384488 13.017811789874385 0.00024072675786412286 0.0004117005051830019 0.0 68 151
12.488647307230291 12.727414516005355 6.227170596877431e-05 0.0005812221238335775 0.0 76 153
7.255842672516363 7.754247305648958 0.00024959780059145115 9.696933049360603e-05 0.0 19 158
-3.3293263609453936 5.603936654130907 0.00047871063191657877 0.00031400599246107894 0.0 14 158
3.018553715177387 4.899244834520897 0.00012671973093355624 0.0001266328674707106 0.0 13 160
4.3923302164043925 13.257562896827228 7.198032504624927e-06 0.0001639740456552509 0.0 26 171
-3.326457566766942 8.63459241292635 0.0008758840516960296 8.404429387900304e-05 0.0 19 175
3.5394767878670725 8.629779585315283 0.000719379472710084 0.00015041562110365184 0.0 38 177
5.040890706484487 24.749240914153262 0.0003639950823253046 0.0005763236056570564 0.0 79 186
4.92180576605566 13.261782575075566 7.127044091546019e-06 6.259678577105366e-05 0.0 6 188
-7.2906063973781015 15.053793339108669 0.00012513371969794386 0.0006122602796032432 0.0 15 188
-6.02137073638521 24.77257534975548 0.00044804270107804073 0.0002543212014311279 0.0 46 192
4.724120111881962 24.952409116587507 0.0007786330539194856 0.00018324509816415515 0.0 81 193
-5.682541269123877 24.96706110571705 0.0006852764483271842 0.00030358851840721785 0.0 136 195
5.332494367134236 24.949969656995144 0.0006125286181325166 0.00022952078120011708 0.0 122 203
-7.172241224579813 14.79416551690536 0.00039423508868262786 0.0002808100650739603 0.0 12 204
4.356065839492717 14.321153606082362 1.127540387260631e-05 2.455189411262314e-05 0.0 7 206
-6.298682091287291 24.966082962141165 0.0006063428051167146 7.575775659962108e-05 0.0 52 207
3.8594632235955375 12.613730462843849 0.00017679313629953455 0.00037008681220266205 0.0 139 211
12.495597524054045 20.338310405398563 5.97789785095397e-05 0.0007387991989144451 0.0 55 213
12.205155287995332 19.960177223871447 0.0003011462142341425 0.0007152687489065547 0.0 37 214
12.49134969958081 19.65860556168377 5.707946866967478e-05 0.0007218182421751751 0.0 23 217
-7.427675179126524 14.772276614687012 0.0007721865815887511 0.00011400302559734374 0.0 17 218
-14.601497576944075 15.084555699396418 0.00024985286050880604 0.0005753347399967819 0.0 57 222
-14.946281288905533 14.772157326873298 5.775345799530833e-05 0.00069523281647644 0.0 30 224
12.510473880653963 19.444745090232345 0.0002405105132549576 0.0005199548523101591 0.0 22 226
4.38236692035464 12.608229036736109 0.0002934273627637609 0.0002619656488280894 0.0 36 227
3.8694863014133 14.004032708726116 9.620919761340777e-05 0.000395013855773339 0.0 96 227
4.908505711401664 12.610610985641202 4.1205456191421155e-05 0.00021671092063444168 0.0 5 229
4.387990377255783 14.002258190317935 1.181901780908488e-05 0.00012922124783461308 0.0 4 238
3.8363252459086 15.082587357057928 0.00010877564574538989 0.0003195680583718145 0.0 93 239
7.313713429172032 15.150976186333429 0.0002484036914691073 4.536290602809272e-05 0.0 3 241
12.339628317284912 19.856274851651673 0.00024120356890539973 0.0003558629224152972 0.0 8 242
-5.490594097699659 14.079881085822214 0.00016946722407846075 0.0002260898681107406 0.0 48 242
-2.8809194973218224 11.149666140460038 3.1715831322286336e-05 2.834456984506083e-06 0.0 2 242
7.315241616698484 14.925886099873116 0.0001358722682244991 0.00030873578629827153 0.0 76 244
-6.053680343493129 14.154524263613638 6.894461725198743e-05 7.263896058826415e-06 0.0 2 249
-5.53784549439329 13.790497714238256 0.00021325554242416903 0.000312959730655037 0.0 8 249
4.367353004638611 15.087140499309713 0.00016512356854898226 0.0001610401488097927 0.0 87 251
12.476380519366133 13.024026574154975 0.00032871943861659985 0.0006149655359958494 0.0 50 253
-7.395627640625532 15.25526055843948 5.3898144438871506e-05 3.320815842766979e-05 0.0 5 256
4.898387447061707 15.084991641344201 0.000199582071176281 0.00028984972838557013 0.0 76 257
-3.540013980886165 8.654446670664468 0.0005130948883355713 0.0006607754578993634 0.0 14 265
7.666950034514651 15.241175249144923 0.0003723558781677542 0.0002088810156960914 0.0 88 268
-5.916818460412736 24.972379293033935 0.0006112870233413694 0.0004166906050334575 0.0 29 278
7.724865708464803 15.563208694753083 0.0002757837877675658 0.0004206276613324749 0.0 31 282
3.8043343085283072 8.612760307337298 0.0005322258833225385 0.0004213300509079854 0.0 7 291
7.592780313991685 7.736891017842131 0.0006377766721622094 0.00011331148276239264 0.0 79 303
4.049451670866274 8.609280031439463 0.0 0.0 0.0 1 306
4.9781935483191635 8.584681347710418 0.0 0.0 0.0 1 309
5.301396132323719 8.263367632920582 0.0 0.0 0.0 1 314
5.587572989029392 8.61254661384313 3.602346359754248e-05 7.866646576415046e-06 0.0 3 316
5.9584607428645135 8.490191940119738 0.00021504014724635573 0.00020614766713669704 0.0 3 317
5.197485039076308 8.506644010269847 0.0 0.0 0.0 1 319
12.412787160905319 15.193496187753915 8.472239769829879e-05 0.0004709434466348666 0.0 86 319
5.588871739684683 8.264483301654916 0.0001908784150960943 0.0002453034414112419 0.0 2 320
6.303394936964916 8.590001937385939 0.0 0.0 0.0 1 320
5.051846702023433 14.028831525734097 0.00019068311667830483 6.521921181878219e-05 0.0 50 324
6.363026398244932 8.324548982429203 0.0 0.0 0.0 1 325
6.7592788194869575 8.596991141970205 0.0008134617117600753 0.0001183332449296191 0.0 11 325
12.512782870791664 20.175717602293048 4.946880338222157e-05 0.0003668427985637099 0.0 15 328
-3.7570451835266323 8.67685404450759 8.34408967484542e-05 0.0001006784756319648 0.0 2 330
6.435113846031762 8.089955682879783 0.0 0.0 0.0 1 334
5.877178320210892 8.283257935884965 2.2981240180449364e-08 7.667858799461549e-07 0.0 2 343
-6.177504495162845 13.870830458883656 3.7213372469242946e-05 0.00023862334872176087 0.0 4 345
7.586522647162275 7.43970080135745 0.00036983126025619424 0.00040662619341946235 0.0 16 351
12.510598155995506 19.961149740640312 0.00039821717928287774 0.0005074231209362502 0.0 25 363
7.864206788248466 7.741635862885616 0.0 0.0 0.0 1 364
7.666612283796771 14.854134504126339 1.563616468843714e-05 0.00026733099146475717 0.0 7 365
12.419045010184789 10.825164223231585 9.026492815140486e-05 0.0003986554372293887 0.0 66 385
7.888292570346125 15.414651869717204 0.0002573025460543186 0.0007285355840197762 0.0 35 387
5.05711975844278 12.497705919279099 2.409636326394196e-06 0.0004905590608305251 0.0 10 392
7.549534814064158 15.01932096526642 6.308137254975041e-08 2.1976635164427907e-06 0.0 2 395
6.789339939927058 -0.4399046974726047 0.0004830806582471057 5.421053030872204e-05 0.0 49 400
7.470462982326045 14.724152001862226 0.000595432293258737 0.0001105029390300715 0.0 5 401
5.030975428392239 14.30962688723596 3.867627948740378e-05 0.00040030691184575826 0.0 75 403
6.6268328247225154 8.59591976795782 0.0009127210247185131 2.1741439503446446e-06 0.0 5 407
-3.583630579975561 8.349114983378486 0.0005534963141648877 0.0003292918250091074 0.0 3 410
6.810539729835999 8.20489535188024 0.00018335919979849192 6.628347026703151e-05 0.0 9 414
6.847163682850116 2.5539121045576683 0.00040358559429862423 2.7380040040740104e-05 0.0 34 414
-3.7468773516585174 5.575486892421956 0.0003089904009130381 1.2999843045412228e-05 0.0 5 418
7.638200189053598 0.23173629254648437 0.0006822743678046706 3.584841611619652e-05 0.0 50 428
4.834809923109045 24.705781305949955 0.00015338063868679933 1.1341671717200497e-05 0.0 3 429
-3.1300951516823368 8.291385750674026 0.0 0.0 0.0 1 430
7.910201778299589 7.511290587559786 7.31359462047112e-05 0.0006516725979396351 0.0 29 444
6.92416277361972 5.597298400968302 6.065084106634806e-05 0.0002268579058855783 0.0 29 445
7.451110376202638 7.303992304544711 1.494458435156987e-05 0.000212032894045992 0.0 3 451
6.709946363979311 5.556513156048193 0.0003779613388257787 1.1177351466025906e-05 0.0 17 453
6.579874533295315 2.56351316806369 0.0003280204813619557 1.4989730356707777e-05 0.0 7 462
7.103395662780756 -3.779085511151301 0.00010065981576299516 0.0006752998996359113 0.0 39 477
6.800547007042259 2.302770697089824 0.00021499382338806332 0.0005066832482749938 0.0 5 481
7.600293339542727 -7.265863612581875 0.000660267787254824 4.3144447240332394e-05 0.0 86 483
6.665141450274064 8.351510505121398 6.317178410719142e-05 4.167663976135479e-05 0.0 14 484
6.788165605027281 5.168667577864816 0.0003902889680624739 9.482564800243536e-05 0.0 10 484
6.882882574830546 8.020678367946395 5.288489728886729e-05 1.824860355322854e-05 0.0 3 486
6.5971035164052605 -3.978709096820712 0.00033479444466669736 1.0001204727328045e-05 0.0 4 488
-3.560690782146489 5.278975287901872 0.0 0.0 0.0 1 494
-3.6859889595928372 2.1865194117299454 0.00019810131604402809 2.7495195490035598e-05 0.0 8 502
7.548407704564471 -0.0710631454109704 0.000130470383166628 0.0003288845750625732 0.0 41 514
4.092743738607516 11.98098343081962 1.4783910038837177e-05 3.538704614425939e-05 0.0 3 516
4.6418846416710196 11.958716934997497 0.0001618578869676685 0.00030063764081456534 0.0 4 523
6.654034970776266 5.311391666264453 0.00029383936626307 4.681824551665592e-05 0.0 12 523
6.89276163181273 4.990073174247361 0.00030523313633459874 0.00013170265533913241 0.0 75 524
14.944190009658705 -7.892443544297645 0.00019161158981292352 0.0004479461845779447 0.0 29 525
14.732477858691015 -7.993360445789847 0.0 0.0 0.0 1 539
-3.160057315058296 -0.6093406912589593 3.867672247654484e-05 0.00034792184051512165 0.0 12 542
6.83805151947608 -0.8098584856157591 1.7735554319390223e-05 1.4802639758381105e-05 0.0 7 548
6.685752510349714 4.994489663909167 0.0005644835742696125 0.00011330213097726494 0.0 53 552
6.892451650774869 1.9901017116198683 0.00033325648583115545 0.00023801550728406328 0.0 67 553
5.063012819519471 13.50447673180911 0.0 0.0 0.0 1 554
6.675646510970072 -0.700322936554877 0.0005700424231993475 0.0002576814809593399 0.0 12 556
10.99195156749732 -13.840631944969001 1.6361129164936196e-06 1.07764144598164e-06 0.0 2 557
11.147942245516031 -13.842216239205225 0.0004650692581793087 0.00032285602686238845 0.0 76 557
14.86545204088468 -7.690806626065584 0.0 0.0 0.0 1 557
1.0484366676937569 -4.249319128071702 0.0 0.0 0.0 1 558
14.939619414517836 -8.148103993592539 0.00031703749722976387 0.0005102822870247443 0.0 14 559
14.496671871904777 -13.870789610981353 0.0005669228194872779 0.00015304535193929662 0.0 5 561
12.243113893599997 -13.872954804973412 0.0005377356865213955 4.035253564421279e-05 0.0 7 563
11.367448636910884 -13.853228015002452 0.0005117197235313642 8.395815143432984e-05 0.0 3 565
11.683124166871956 -14.235159134165777 0.0 0.0 0.0 1 565
-3.1591498737002652 2.171826617860245 1.3828898173464824e-05 0.0002597882206226754 0.0 5 570
14.763585173693409 -13.85549835560523 9.163854934991099e-05 0.000103547982221826 0.0 3 570
7.84877019052055 -14.765275716707052 0.0001781958270480445 2.0612206045309617e-05 0.0 5 574
11.666944469231609 -13.862345319755962 2.4281266504228147e-05 0.00010357783327738831 0.0 3 574
7.694348441783869 -0.25734246871410693 0.00039841480553138724 0.00018203030534732259 0.0 54 576
7.628779019342096 -14.768848186218506 0.0006302583168714025 5.5894133110969726e-05 0.0 49 577
7.595726423283768 -15.120921338828794 0.0002786875674024922 0.0002652260065288391 0.0 18 579
11.248992163359473 -14.094589460017586 0.00039598582266092415 0.00018988940051673314 0.0 13 583
7.664622227806205 7.232080803103444 0.0002388584069290198 4.953536283520552e-05 0.0 45 584
10.853952180200029 -13.4131714660013 0.00047333657169125617 0.00013548353067100238 0.0 51 588
7.467469098114162 -0.27595066659003803 0.0006285657567932317 5.388385818516615e-05 0.0 15 593
7.540180004678984 -7.568324447708652 0.0001866027708685451 0.00038231636073860967 0.0 49 593
6.900189137059758 -1.0071022451783052 0.00022880613276283641 0.00020753250122142105 0.0 55 595
11.772577281222233 -14.059241472118075 2.7217821660931487e-05 0.00020771044559950933 0.0 2 598
6.6679299548649 1.989587092486117 0.0002129468436719455 3.738917883026866e-06 0.0 9 601
7.382242238030551 -7.258680120686902 0.0006336252179399575 7.260365658652644e-05 0.0 18 617
14.938041755378752 -13.664513764098453 0.00014564237163485906 0.0007015486303877497 0.0 33 623
14.912247359290355 -14.274551424342937 0.0004654752290041009 0.0005832147262771454 0.0 9 628
6.730917226341112 -8.532191936387658 0.0002304364210778913 0.0006813842423471753 0.0 47 630
6.685512096965055 -1.001586578101747 0.0005686090063744558 0.00020461998208128217 0.0 23 631
6.423266662561655 4.993139150768007 0.0 0.0 0.0 1 634
7.855167598580412 7.242571978817125 0.00037288046069045136 8.182492045163498e-05 0.0 6 635
6.672006062956601 8.030636823522023 0.00022782381382557517 1.3960364182895534e-06 0.0 2 640
14.529724302738469 6.269115697376581 0.0005378547222187537 5.585528984749634e-05 0.0 8 648
7.535289237853484 -14.76304046418451 0.0009148436410557077 0.0001237179430806522 0.0 32 652
7.641787319268423 -7.767141590447495 0.0008606753519286562 7.582950042688797e-05 0.0 74 663
14.938416487873416 -14.007680254916853 4.1282979852948985e-05 0.0007341781115541265 0.0 16 663
14.944501561867853 -13.50675200772533 9.121365884124359e-05 0.00048288668305228885 0.0 8 663
7.549629804901377 -7.767398878347564 0.0006925196093194957 1.9623508685768826e-05 0.0 25 669
6.765824066751308 -13.079304538776666 0.00015201992637434833 0.0004151961253780766 0.0 91 671
11.10185000893061 -18.737299663038243 0.0009419770391929885 0.00010694237338711561 0.0 46 671
11.099275731994291 -21.484795961379135 7.270548793322325e-05 0.00046093125647202627 0.0 32 673
5.935083767683214 -0.8919993365742371 0.0 0.0 0.0 1 678
6.692387433233834 -4.1387578002432726 0.00015237569124598385 0.00020921384035109972 0.0 21 680
7.999602233770627 -24.721355161263926 0.00029908968214725594 0.0007471002036612717 0.0 82 689
11.133882799104947 -20.98027978330296 0.0005597501988437455 3.539071547585442e-05 0.0 27 689
11.089945672266133 -16.170716700476152 0.0007774954727491212 0.00012652645619247332 0.0 35 698
8.40879269201079 -24.97426511929875 0.00032189200815286743 3.122966500305405e-06 0.0 10 699
14.954348099322068 -8.371432725626281 0.0002856296167345087 0.0002605455209945816 0.0 4 707
14.846124550825415 1.5157298872438165 0.0 0.0 0.0 1 707
8.218508935082387 -24.96757050464242 0.0006592885524027388 1.37486719622792e-05 0.0 55 723
14.949597817390057 -16.199864864041658 4.866847336233666e-06 0.0007220413539573146 0.0 17 736
6.7666352306824376 -17.451663814977902 6.715254297524176e-05 0.0003464931202319311 0.0 60 737
11.141640599854318 -16.571953061987855 0.00021860171374027035 7.386751926446883e-05 0.0 8 739
7.908675811938659 -14.989051929731213 0.00011704937785188824 0.00030278697228218113 0.0 8 743
11.306832387667866 -16.187539080551012 0.00033609717551427704 1.8499644472589356e-05 0.0 14 747
14.953223013072316 -14.462773252962 2.0299383172589673e-05 0.00030146571774983537 0.0 23 749
11.094114824047525 -14.421886643955208 0.00029924671176141497 0.0003179693426714058 0.0 70 751
10.849011065556235 -13.620452722245167 0.00013364333793905927 7.774866392944595e-05 0.0 30 758
7.436872054511613 -15.264902990997072 0.0005054119529428316 2.6911629977012346e-05 0.0 5 760
14.944676140196199 -18.77891774760144 4.6355510249522057e-05 0.0010884942662500597 0.0 20 764
7.787737386761262 -24.964000003898963 0.00041534314882686217 7.324802173091057e-05 0.0 76 770
10.829396961667724 -21.422271293992164 0.00016582864250344837 0.0002962296468730941 0.0 32 774
14.950262822285879 -16.820672399120628 2.561203504782415e-06 0.0006582461120959921 0.0 22 777
11.302000373420457 -18.738919371334827 0.00033179859267972296 2.215642045374948e-05 0.0 9 779
11.284798888030473 -16.762435845439967 0.0005863114633325229 6.854579356304031e-05 0.0 17 781
11.086515200995995 -16.767371350627318 9.260843053986323e-05 0.00036980346481268897 0.0 64 783
11.240626748544445 -19.10605909730059 0.00027872520267148475 8.49616088498338e-06 0.0 7 789
14.946883930555437 -20.98452705109537 3.335966243510135e-06 0.0007794372449006795 0.0 18 796
11.325669296334642 -20.980859431732153 0.0005698528612842608 8.521155056130389e-06 0.0 8 798
11.330715165245955 -14.421790432976966 0.00041032321642425133 0.00013860161933754454 0.0 18 799
13.52802196933022 -24.97145194246071 0.0 0.0 0.0 1 804
14.95260299794867 -17.033544027782696 0.0 0.0 0.0 1 804
13.2775567147891 -24.98374320400497 0.0004852043747300046 0.00030364136801124247 0.0 23 805
14.951062070057457 -19.37192045207119 3.277056101275598e-05 0.00044590934640417534 0.0 31 807
13.418100854656041 -24.357379180711877 4.467002615276008e-05 0.00011580806183725091 0.0 25 809
11.092778732312855 -19.325027576471552 0.0005371480517640067 0.00032690024252797446 0.0 46 809
12.019783898351616 -14.333206338617671 0.0 0.0 0.0 1 810
13.423626563245884 -24.00143028113611 7.526751401956462e-05 5.49611966854629e-05 0.0 16 811
11.238767302209833 -21.34663703070665 0.000538423023063211 3.929818722599725e-06 0.0 8 815
14.941153140425161 -24.80423241164604 7.3862764143576835e-06 2.3726814468499887e-06 0.0 2 820
14.726119449515314 -24.983367542139078 0.0003642914121317888 0.00010852032261081854 0.0 2 821
11.52442406111611 -16.761338861028197 0.0 0.0 0.0 1 827
14.94148035387797 -21.66031005149282 0.0001727944178239657 0.0007404802133565193 0.0 62 833
12.01027519741844 -16.686505694160005 0.0 0.0 0.0 1 833
4.629690766246772 -21.9944929417231 0.00039268218593628416 0.00012161950517759969 0.0 42 838
13.95322003403796 -24.03591814936262 0.0 0.0 0.0 1 839
6.771379586478965 -22.00123372653111 0.0001483376383745862 1.1289641344609127e-05 0.0 35 841
13.74694128035705 -24.984200515913685 0.0 0.0 0.0 1 841
13.942448552000485 -24.397476560450727 4.6913118663846344e-05 4.041041799575542e-05 0.0 3 842
11.489806618697637 -14.427359716363526 0.0005693390783982058 0.00015292064687110138 0.0 7 842
4.805764511905582 -21.949652487359188 4.665801673249787e-05 5.042723504233796e-05 0.0 12 847
1.1613580494512614 -21.900192390772833 0.0002891872671156354 0.0003318566095407993 0.0 23 847
14.010883822793286 -25.024740678617192 0.000587289594120816 4.482129397333364e-06 0.0 2 849
-4.859035196790269 -21.73293539717497 1.4650730124949232e-05 0.0006272164629919041 0.0 19 852
10.797795022420555 -21.59809534478495 0.0005309837839355535 0.0004951766065020656 0.0 37 861
1.098951786773211 -21.67084608417712 3.1362466286979117e-05 1.2861898890642995e-06 0.0 2 862
11.327885975012855 -19.33059737044388 0.00025376304399890175 1.2032828676240059e-05 0.0 3 863
7.468906059668976 -24.955773940602104 3.6199692774590617e-06 4.275390603118355e-08 0.0 2 876
4.532034126155371 -22.192455541254695 0.00033091863073115294 0.00011655532564521892 0.0 18 877
0.8511213324903976 -21.971646556886537 1.1214486876303796e-05 0.0003309052156857186 0.0 4 880
-4.508425664406781 -22.05091067748323 0.00021328922002618886 0.00021799238783287085 0.0 41 882
0.08579507867895624 -24.75288258305726 8.778016920532387e-05 0.0003762327240618457 0.0 48 884
8.019687598958729 -24.94977935501856 0.00037776987923989353 4.943483238504388e-05 0.0 25 885
-8.860721620808782 -22.463978876700352 1.4322486618047663e-06 1.7304347755110162e-05 0.0 2 887
14.933254219953595 -24.590522910861964 2.400596143437688e-05 0.00020569127821676712 0.0 6 890
1.072758554822637 -16.358462341889084 0.0002435791848033598 0.00032462095628656254 0.0 17 897
14.93388534639809 -24.18946432447745 0.0001539320692189169 2.448049955849581e-05 0.0 2 899
1.0719554584746862 -15.960965428227691 0.00030165192475481016 0.0004033728135959999 0.0 7 899
13.438190903987133 -24.667164877404332 5.207174403757224e-05 9.700835897555656e-05 0.0 3 900
14.928682830304057 -23.80598233583124 0.0 0.0 0.0 1 917
14.931513251363683 -21.856990042422375 1.9298692391776337e-05 0.00015509239620351993 0.0 5 950
4.369270780980725 -22.08341235346938 0.00036436352552974183 0.00028149477521690713 0.0 54 960
-14.720814918679428 -24.85858330974735 0.0 0.0 0.0 1 961
-14.97040351365968 -24.439962824139233 2.3397701073071e-05 0.0008765561670843457 0.0 31 965
-14.972659759641685 -24.81401802785656 7.63428997790246e-05 0.0006252936260299625 0.0 44 965
-9.905574468020065 -24.941074371279246 0.0004377152571233505 0.00019627785970871477 0.0 71 966
14.500242050069659 -24.08291731574164 0.0 0.0 0.0 1 967
-4.817085772229114 -17.442088656942122 0.0 0.0 0.0 1 968
-0.9999619302198508 -21.978059476215765 0.00024792963166042896 0.0005429178909769425 0.0 102 978
-0.1262458328950957 -24.762550229310726 8.069773589063736e-05 0.00030006989769291423 0.0 45 988
-0.9330042748264621 -15.236567507685212 0.00010787895998513256 0.00038559832491843825 0.0 19 992
-0.9204177319136486 -15.002647387816568 2.8244920531883903e-05 0.0004867175924777724 0.0 14 1018
-4.828908141664598 -22.007063261165815 0.000789865215287695 0.00019757649860750842 0.0 22 1018
-4.671843142257442 -22.1929810762218 0.0004030050783734104 0.00011751718002772453 0.0 38 1022
-0.5792820148640505 -21.964695290135815 0.0 0.0 0.0 1 1024
-10.086861588181883 -24.944739216496654 0.0003916443261378257 0.000179204407121731 0.0 20 1025
4.684675783049422 -21.817078815534554 2.8732289416030694e-05 0.00046256408481816665 0.0 38 1030
-6.960948625493259 -22.006460100195437 0.00015842243662730896 6.328076298041887e-05 0.0 48 1066
-7.529837690486319 -24.94983544165465 0.0 0.0 0.0 1 1066
-7.606536455880089 -15.255579241779841 0.0 0.0 0.0 1 1081
-14.473282286803109 -24.928680863426436 0.0006114755092238613 9.024172344049633e-05 0.0 121 1087
-9.978258755028042 -24.707967893840408 0.00034674532823243876 0.00017081139148136313 0.0 6 1091
-11.097010184627901 -17.806359681569493 0.00045442835814189005 6.0970172485869704e-05 0.0 13 1112
-10.932434545751308 -22.588477587301256 0.00014357571830145562 8.267518903503539e-05 0.0 19 1115
-10.91611844402662 -17.94468008135509 0.00014952205743736126 0.00045236338752585603 0.0 7 1116
-10.268268239359934 -24.940772891853104 0.00033223649007395144 0.00011756266085224247 0.0 57 1132
-10.828974377575916 -17.452857163635834 0.00036379809404016175 0.0007657423466412969 0.0 21 1134
-14.931243612376022 -10.102338111885068 0.00027908384440447306 0.00025058738915437293 0.0 36 1145
-14.680354837593049 -24.674874639846152 0.00046514334218138615 0.00037602444932543485 0.0 6 1149
-14.9515015753579 -24.990152088636286 2.2309792106111452e-05 0.0004238338640158779 0.0 15 1164
-10.83971090333636 -17.672400415640126 7.429925310374789e-06 0.0003307095879760928 0.0 6 1172
-10.84071291150224 -18.192305426577956 0.0 0.0 0.0 1 1187
-10.912301220872244 -13.650129168918415 9.694415730412002e-05 0.0004134500625772327 0.0 69 1194
-11.167618298937644 -17.591180292704177 0.0003513719154880572 0.000302673196837996 0.0 45 1203
-14.946604620167395 -9.668811138776833 1.7659849887716377e-05 0.0002632323769770772 0.0 7 1214
-14.649700998263999 -10.082765962366643 0.00018115976445644153 6.206959068747595e-05 0.0 20 1222
-10.926949640582086 -4.516113756588174 0.0003984639895531792 0.0003975807682357363 0.0 87 1225
-10.911247037839667 -9.173015251290208 0.00012081655580464621 0.0002794243892472209 0.0 71 1246
-14.947715566763758 -9.882477041228007 0.00014620641688299055 0.0008232462580735273 0.0 33 1256
-10.837397743086552 -4.71832317125771 3.170325113015244e-06 9.173829001247674e-05 0.0 5 1277
-14.89288238705329 -24.628645026406538 0.0 0.0 0.0 1 1284
-11.173010440671144 -4.467874301215981 6.257630540692049e-05 8.441454968210182e-05 0.0 18 1303
-14.648809286252547 -9.880339162342354 0.00028337648556227816 0.00010424506091040006 0.0 29 1305
-6.695187911035778 5.026327118310218 0.00019745879992332503 8.984694180534172e-05 0.0 112 1307
-14.929209999343508 2.902853153390028 0.00022113139165262963 0.0004830750943807536 0.0 24 1307
-6.379533330308955 5.022599011110464 0.0007088522478580097 5.409507552397657e-05 0.0 12 1311
-7.5234368763156665 0.11616553514690661 0.00022399584730904882 0.00015603437546649805 0.0 33 1315
-7.70743203351018 -0.21618813124712566 0.00010758653442315934 0.0003559519480162952 0.0 25 1316
-6.606764228403468 2.3577721286232602 0.0004736950876598971 0.0004429422518841891 0.0 24 1322
-6.538751948006954 -0.6482718960411622 0.0007556992734183769 0.000335980682500318 0.0 10 1326
-7.53615557925498 7.621994734327655 0.0006018273487168627 0.0002758032627649735 0.0 51 1326
-6.697160859917262 -0.9694163192360455 0.00012200794705058338 0.00028734506874938736 0.0 39 1328
-7.4392306371684676 -0.2379361039602645 0.0003317647081454632 8.017310156715088e-05 0.0 16 1328
-7.6456544612189985 7.291829866276498 0.0005344104013712249 0.0004407299284032691 0.0 25 1328
-6.700479587677183 2.022269587665018 0.00023067229423042406 0.00015910856328561982 0.0 58 1329
-6.606779779425513 8.071815218017148 0.00010707479096923175 2.4953492041448567e-05 0.0 7 1337
-6.347811655742092 8.048258543054306 0.0 0.0 0.0 1 1340
-6.487196125175651 2.039648272589257 0.0007639525841529744 9.976538805522481e-05 0.0 11 1348
-7.218155602912386 -3.7786182186345463 1.4097577040689673e-05 0.00048053855863676036 0.0 18 1349
-8.109105994804212 -0.009235643162847057 5.946098025583909e-05 0.0007518491797506519 0.0 30 1352
-6.4868102670853895 -0.9421772952813624 0.00018123282705937384 0.00037405157527265067 0.0 3 1354
-7.69562969662078 7.755835623422204 0.00043703047962979615 0.00022727308102970728 0.0 52 1359
-14.956522921644572 3.282405060057684 9.15305451847305e-05 0.0005910693371674214 0.0 46 1367
-0.9054613385271247 -4.130095720444953 1.0120880708429072e-05 0.0006275671189044528 0.0 40 1374
-6.728073174453532 -0.502542307380931 0.0 0.0 0.0 1 1376
-6.500055648639126 5.413127763474893 0.0 0.0 0.0 1 1387
-11.1429865471783 -4.280865016032818 0.0006363784271841466 0.00011672337157787402 0.0 20 1394
-6.693371844112089 13.352320373705735 0.0006694922422592368 0.00032906949638665176 0.0 17 1398
-6.872040584096464 -4.1393185085203745 0.0002898567793610712 0.0005054498919973067 0.0 22 1400
-6.389613379834125 2.29721708211496 0.00020361583034478084 4.6239003878358134e-05 0.0 4 1402
-6.506597426331943 13.611699977371659 0.00013411322687710062 2.770479781527681e-05 0.0 3 1402
-7.70179014143589 0.25690724012119087 0.00031251177608136954 0.0004322739766984295 0.0 60 1405
-7.642766658078932 14.76653429263702 0.00038720578077475014 0.0001329999010863571 0.0 93 1410
-14.94524962548756 3.0780258520848394 5.7061205460372844e-05 0.0005028562621200594 0.0 16 1411
-7.646923452780837 15.252699272085092 0.00023760013524152146 2.8445346587125346e-05 0.0 20 1422
-6.859036219050214 -7.026843342195377 0.00015586059332389036 0.000569146074602884 0.0 26 1426
-6.855099070355211 -7.662271011861297 0.00016052507517943149 0.0006011506461447026 0.0 13 1428
-6.721167011671412 5.493540538893815 1.765109699627798e-05 0.0001312243353944212 0.0 12 1440
-8.087691847964582 7.446945570557343 4.956838774783535e-05 0.00018309795755875764 0.0 30 1440
-7.224337262829902 -7.23463262422133 0.00040974245191813783 1.7087105082932608e-05 0.0 13 1442
-6.716814884599912 2.6162384058683705 0.00039059273403048287 0.0002846616663238973 0.0 77 1442
-14.926006827349669 14.903847802188004 0.00017666229766612136 0.00047324654903667314 0.0 11 1451
-7.616700249790538 -7.230160599369491 0.0005279873913378952 3.466298580705465e-05 0.0 19 1454
-6.483905935669202 2.605791440357544 0.0007533167630506284 7.001894881272623e-05 0.0 49 1455
-6.654086631331585 8.431113486842856 0.0003086224232654254 0.00028007030448835965 0.0 8 1462
-10.75312115748435 -4.541080356397613 0.0005696993768242053 2.4393099968900347e-05 0.0 42 1463
-6.870104374556066 -7.4444820841849175 0.0 0.0 0.0 1 1465
-6.4564017588518485 8.400978413941296 0.0003081850949232528 0.00031084157351504585 0.0 11 1468
-6.587836442780668 14.01244219252572 0.0001487735401057933 5.206375122238855e-05 0.0 5 1468
-6.707856710152402 13.712401158622772 0.00012104685397516218 0.00011649832437930608 0.0 52 1482
-14.935199156624774 15.260842757062084 0.00012032177941257445 0.0008066038638811652 0.0 54 1482
-6.465244979754262 -0.3944247979158713 0.0006175835341250246 4.656879499987336e-05 0.0 33 1493
-6.467297101608352 5.605522225410508 0.00037921241695898847 4.768172573686632e-05 0.0 5 1493
-7.546620366854874 15.07702897419224 0.00014624385696783044 0.0002988844410416315 0.0 55 1504
-6.728287156490744 8.660865658449934 0.000109597497989333 0.0003061447542155359 0.0 55 1510
-7.350809005779268 7.769099983805369 0.00040907019872375017 2.6961217317542e-06 0.0 6 1517
-8.080506043310002 15.440025330605522 0.00012927731115704505 0.00018650363374773815 0.0 33 1518
-14.705001187608099 24.9772278628134 0.0005059669682317983 0.0001907078655370959 0.0 79 1518
-6.49043962905958 8.641737486554229 0.000284060145805792 6.323493109680165e-05 0.0 21 1519
-14.912541203313745 24.970557809030375 0.0002752664764710197 0.00012635980606944184 0.0 150 1522
-6.227364465669843 -0.39118996330059314 0.00016319954406619744 5.261115957388036e-06 0.0 3 1538
-7.8188539029194 -0.037599528997247944 0.0 0.0 0.0 1 1564
3.814342495292742 14.891772990453024 1.884310142763386e-07 0.00014088246631247734 0.0 2 1605
3.8202137712819666 12.38100761954008 4.6233646172721046e-05 0.0005145224513231811 0.0 7 1607
-14.941473321831072 15.444410535272045 5.7041925967385225e-05 0.0010714114890207635 0.0 5 1609
-14.914043657236574 24.771104038779786 0.00011251789219582798 0.000695668232471917 0.0 44 1624
-7.9633462162772695 15.611192269907091 0.0008784261984083814 3.9912074401981775e-05 0.0 35 1625
4.981451910679917 24.9406812520127 0.0006843518460336046 6.364066140326375e-05 0.0 89 1625
-7.144145956813574 15.248387499907187 0.00039747458119037673 1.3553998978902178e-05 0.0 91 1648
-6.142836308248803 8.29978020079841 4.169880194111851e-05 9.194438552044621e-05 0.0 4 1648
-5.504230335959557 8.59299365021537 0.00018556392905026375 1.0315801373944202e-05 0.0 2 1653
-4.382271619989478 8.606351068417432 0.0 0.0 0.0 1 1663
-3.96772698130929 8.509723767806843 0.00047684266144337083 1.632778315056202e-05 0.0 2 1670
-4.379469944597369 8.277453733863952 0.0001564885594434025 0.0004226561807909459 0.0 2 1673
-4.558416802426804 8.32807944943939 0.0 0.0 0.0 1 1676
-14.490379864078786 24.968715686138754 0.0 0.0 0.0 1 1714
