7.301265239715576 0.0
7.299231052398682 0.0
7.300633430480957 0.0
7.3047404289245605 0.0
7.305883407592773 0.0
7.303258419036865 0.0
7.295385360717773 0.0
7.312916278839111 0.0
7.30593729019165 0.0
7.303353309631348 0.0
7.304790496826172 0.0
7.3009114265441895 0.0
7.180696964263916 0.0
7.175804138183594 0.0
7.179460048675537 0.0
7.182764530181885 0.0
7.1800856590271 0.0
7.169309616088867 0.0
7.180850982666016 0.0
7.18386173248291 0.0
7.176418781280518 0.0
7.171143054962158 0.0
7.186741352081299 0.0
14.959836959838867 0.0
14.955537796020508 0.0
14.964937210083008 0.0
14.96616268157959 0.0
14.967041969299316 0.0
14.968011856079102 0.0
14.964864730834961 0.0
14.959585189819336 0.0
14.965608596801758 0.0
14.969164848327637 0.0
14.97632884979248 0.0
14.973641395568848 0.0
6.701286792755127 0.0
6.699033737182617 0.0
6.693110466003418 0.0
6.698414325714111 0.0
6.705114841461182 0.0
6.453200340270996 0.0
5.807560920715332 0.0
5.797928333282471 0.0
5.813455581665039 0.0
5.809609413146973 0.0
5.804542541503906 0.0
5.775231838226318 0.0
5.777501106262207 0.0
4.93529748916626 0.0
4.937396049499512 0.0
4.934810638427734 0.0
4.933832168579102 0.0
4.933460712432861 0.0
4.932676792144775 0.0
4.8528618812561035 0.0
4.728217601776123 0.0
4.623656272888184 0.0
4.614678859710693 0.0
4.522454738616943 0.0
4.048065185546875 0.0
4.045931816101074 0.0
4.0382184982299805 0.0
4.04302453994751 0.0
4.043017864227295 0.0
4.043453693389893 0.0
4.043842315673828 0.0
4.0521674156188965 0.0
3.991908550262451 0.0
3.976309299468994 0.0
3.927582263946533 0.0
3.8453240394592285 0.0
3.783369541168213 0.0
3.6503844261169434 0.0
3.631667375564575 0.0
3.585648536682129 0.0
3.154526710510254 0.0
3.136275291442871 0.0
3.1373822689056396 0.0
3.1322343349456787 0.0
3.13573956489563 0.0
3.136096715927124 0.0
3.1278328895568848 0.0
3.139132261276245 0.0
3.1324985027313232 0.0
3.1311044692993164 0.0
3.142104148864746 0.0
3.1391334533691406 0.0
3.1373846530914307 0.0
3.142522096633911 0.0
3.143817186355591 0.0
3.1432220935821533 0.0
3.1471033096313477 0.0
3.1402652263641357 0.0
3.1393744945526123 0.0
3.1455330848693848 0.0
3.1495554447174072 0.0
3.1378259658813477 0.0
3.1388487815856934 0.0
3.133868932723999 0.0
3.1501073837280273 0.0
3.150261402130127 0.0
3.1524481773376465 0.0
3.1504178047180176 0.0
3.1991708278656006 0.0
3.201204299926758 0.0
3.2024199962615967 0.0
3.2125015258789062 0.0
3.2104101181030273 0.0
3.208702564239502 0.0
3.213813543319702 0.0
3.199157476425171 0.0
3.2131268978118896 0.0
3.221442699432373 0.0
3.2007265090942383 0.0
3.210287094116211 0.0
3.2183616161346436 0.0
3.216857433319092 0.0
3.2213633060455322 0.0
3.2151341438293457 0.0
3.220763683319092 0.0
3.2174832820892334 0.0
3.215297222137451 0.0
3.225724220275879 0.0
4.145857334136963 0.0
4.074936389923096 0.0
4.078417778015137 0.0
4.047392845153809 0.0
4.0069122314453125 0.0
3.9694292545318604 0.0
3.924962282180786 0.0
3.8856277465820312 0.0
3.8760452270507812 0.0
3.8464243412017822 0.0
3.8175909519195557 0.0
3.781574249267578 0.0
3.7553372383117676 0.0
3.7376837730407715 0.0
3.7322304248809814 0.0
3.6879427433013916 0.0
3.670422315597534 0.0
3.6366755962371826 0.0
3.6018149852752686 0.0
3.5723607540130615 0.0
3.545225143432617 0.0
3.5355427265167236 0.0
3.5186595916748047 0.0
3.4909894466400146 0.0
3.466834783554077 0.0
3.4292731285095215 0.0
3.402820587158203 0.0
3.39555025100708 0.0
3.382219076156616 0.0
3.3503010272979736 0.0
3.322925090789795 0.0
3.298755645751953 0.0
3.263261556625366 0.0
3.259153127670288 0.0
3.258344888687134 0.0
3.26541805267334 0.0
3.257169485092163 0.0
3.2584617137908936 0.0
3.265936851501465 0.0
3.274418830871582 0.0
3.268984317779541 0.0
3.273029327392578 0.0
3.2629876136779785 0.0
3.264472723007202 0.0
3.2680704593658447 0.0
3.2705047130584717 0.0
3.2764880657196045 0.0
3.279493808746338 0.0
3.275019884109497 0.0
3.283594846725464 0.0
3.2769830226898193 0.0
3.2847702503204346 0.0
3.288841724395752 0.0
3.278568983078003 0.0
3.290959358215332 0.0
3.280486822128296 0.0
3.2953836917877197 0.0
3.2929441928863525 0.0
3.2878236770629883 0.0
3.2898707389831543 0.0
3.2970480918884277 0.0
3.2958767414093018 0.0
3.2967000007629395 0.0
3.2948341369628906 0.0
3.2969868183135986 0.0
3.3132336139678955 0.0
3.308311939239502 0.0
3.2811834812164307 0.0
3.2582218647003174 0.0
3.267439365386963 0.0
3.2543513774871826 0.0
3.257567882537842 0.0
3.253736734390259 0.0
3.263380765914917 0.0
3.26353120803833 0.0
3.257739543914795 0.0
3.269136428833008 0.0
3.271594762802124 0.0
15.724909782409668 0.0
15.742060661315918 0.0
15.748371124267578 0.0
15.761024475097656 0.0
15.761069297790527 0.0
15.763667106628418 0.0
15.776496887207031 0.0
15.78266429901123 0.0
15.79903507232666 0.0
15.799949645996094 0.0
15.809112548828125 0.0
15.831958770751953 0.0
15.826963424682617 0.0
15.838802337646484 0.0
15.831006050109863 0.0
15.847976684570312 0.0
15.855972290039062 0.0
15.880789756774902 0.0
15.876397132873535 0.0
15.893016815185547 0.0
15.894425392150879 0.0
15.913936614990234 0.0
15.920614242553711 0.0
15.928444862365723 0.0
15.929128646850586 0.0
15.94485092163086 0.0
15.947837829589844 0.0
15.959579467773438 0.0
15.972086906433105 0.0
3.1133713722229004 2000.0
3.099062204360962 2000.0
3.0831058025360107 2000.0
3.0807747840881348 2000.0
3.0742013454437256 2000.0
3.0626254081726074 2000.0
3.0654118061065674 2000.0
3.0664494037628174 2000.0
3.0602335929870605 2000.0
3.0631487369537354 2000.0
3.048752784729004 2000.0
3.045562505722046 2000.0
3.0482594966888428 2000.0
3.037717819213867 2000.0
3.0418002605438232 2000.0
3.050894021987915 2000.0
3.041175365447998 2000.0
3.037870168685913 2000.0
3.0440711975097656 2000.0
3.042449951171875 2000.0
3.0329031944274902 2000.0
3.0365989208221436 2000.0
3.0340001583099365 2000.0
3.041318416595459 2000.0
3.0372464656829834 2000.0
3.0415823459625244 2000.0
3.049349784851074 2000.0
3.0369017124176025 2000.0
3.056596517562866 2000.0
3.042454481124878 2000.0
3.0501437187194824 2000.0
3.062065601348877 2000.0
3.0628597736358643 2000.0
3.067767858505249 2000.0
3.0684311389923096 2000.0
3.0811607837677 2000.0
3.0840344429016113 2000.0
3.093236207962036 2000.0
3.098717212677002 2000.0
3.100412368774414 2000.0
11.071928024291992 0.0
11.034381866455078 0.0
10.990301132202148 0.0
10.948431015014648 0.0
10.90509033203125 0.0
10.865625381469727 0.0
10.83930492401123 0.0
10.797714233398438 0.0
10.761847496032715 0.0
10.728227615356445 0.0
10.721575736999512 0.0
10.69294548034668 0.0
10.657750129699707 0.0
10.60974407196045 0.0
10.57703971862793 0.0
10.553723335266113 0.0
10.506251335144043 0.0
10.471735954284668 0.0
10.443198204040527 0.0
10.411972045898438 0.0
10.376712799072266 0.0
10.33469295501709 0.0
10.306957244873047 0.0
10.274402618408203 0.0
10.241781234741211 0.0
10.211302757263184 0.0
10.185769081115723 0.0
10.156883239746094 0.0
10.121557235717773 0.0
10.087130546569824 0.0
9.99693489074707 0.0
9.963949203491211 0.0
9.925552368164062 0.0
9.88037109375 0.0
9.878432273864746 0.0
8.017365455627441 2000.0
7.99165153503418 2000.0
7.986482620239258 2000.0
7.967306613922119 2000.0
7.948535442352295 2000.0
7.962658405303955 2000.0
7.948860168457031 2000.0
7.9534711837768555 2000.0
7.962949752807617 2000.0
7.959047317504883 2000.0
7.957475662231445 2000.0
7.9643235206604 2000.0
7.968052387237549 2000.0
7.974493980407715 2000.0
7.999558448791504 2000.0
8.00291633605957 2000.0
10.095207214355469 0.0
10.109162330627441 0.0
10.115490913391113 0.0
10.129654884338379 0.0
10.135419845581055 0.0
10.135817527770996 0.0
10.154563903808594 0.0
10.154382705688477 0.0
7.949846267700195 0.0
7.92575740814209 0.0
7.919755458831787 0.0
7.885354995727539 0.0
7.865755558013916 0.0
7.849017143249512 0.0
7.835019588470459 0.0
7.841500759124756 0.0
7.845547199249268 0.0
7.835444450378418 0.0
7.820415019989014 0.0
7.801537036895752 0.0
7.772202014923096 0.0
7.7332763671875 0.0
7.724186420440674 0.0
7.702085494995117 0.0
7.682404518127441 0.0
7.655730247497559 0.0
7.648276329040527 0.0
7.632807731628418 0.0
7.610225677490234 0.0
7.587738513946533 0.0
7.586528301239014 0.0
7.539927959442139 0.0
7.521889686584473 0.0
7.503325462341309 0.0
7.498116970062256 0.0
7.467526912689209 0.0
7.455395221710205 0.0
7.445475101470947 0.0
7.4204840660095215 0.0
7.387394428253174 0.0
7.380762100219727 0.0
7.358361721038818 0.0
7.348865032196045 0.0
7.336382865905762 0.0
7.3160881996154785 0.0
7.2913641929626465 0.0
7.280266761779785 0.0
7.246042251586914 0.0
7.232659816741943 0.0
7.223311901092529 0.0
7.198957920074463 0.0
7.1909098625183105 0.0
7.178652763366699 0.0
7.144051551818848 0.0
7.1349406242370605 0.0
7.123744010925293 0.0
7.1019287109375 0.0
7.0847392082214355 0.0
7.080410480499268 0.0
7.048315048217773 0.0
7.030032157897949 0.0
7.0169782638549805 0.0
7.005490303039551 0.0
6.992819309234619 0.0
6.984244346618652 0.0
6.951056480407715 0.0
6.940171718597412 0.0
6.91985559463501 0.0
6.908393859863281 0.0
6.8970627784729 0.0
6.87360954284668 0.0
6.867147922515869 0.0
6.845186710357666 0.0
6.8339643478393555 0.0
6.813928604125977 0.0
6.797935485839844 0.0
6.7880473136901855 0.0
6.777984619140625 0.0
6.765528202056885 0.0
6.739039421081543 0.0
6.731566429138184 0.0
6.719738483428955 0.0
6.704001426696777 0.0
6.673561096191406 0.0
6.662745475769043 0.0
6.663337707519531 0.0
6.648259162902832 0.0
6.6161909103393555 0.0
6.612993240356445 0.0
6.600499629974365 0.0
6.592108249664307 0.0
6.5651655197143555 0.0
6.565561294555664 0.0
6.543494701385498 0.0
6.544449329376221 0.0
6.525333881378174 0.0
6.511873722076416 0.0
6.491715908050537 0.0
6.483124732971191 0.0
6.470101833343506 0.0
6.462893486022949 0.0
6.446078777313232 0.0
6.423221111297607 0.0
6.416316509246826 0.0
6.400040626525879 0.0
6.387341499328613 0.0
6.376795291900635 0.0
6.308353900909424 0.0
6.2996015548706055 0.0
6.293663024902344 0.0
6.280117034912109 0.0
6.270042419433594 0.0
6.2457404136657715 0.0
6.240676403045654 0.0
6.226349353790283 0.0
6.215632915496826 0.0
6.207876682281494 0.0
6.2131123542785645 0.0
6.204249858856201 0.0
6.2286787033081055 0.0
6.234495639801025 0.0
6.239701747894287 0.0
6.242509841918945 0.0
6.25579309463501 0.0
6.255772113800049 0.0
6.271601676940918 0.0
6.275259494781494 0.0
6.286317825317383 0.0
6.296015739440918 0.0
6.400465965270996 0.0
6.400200366973877 0.0
6.417225360870361 0.0
6.419971466064453 0.0
6.4402618408203125 0.0
6.437873363494873 0.0
6.444326877593994 0.0
6.453220844268799 0.0
6.462522506713867 0.0
6.47467565536499 0.0
6.478533744812012 0.0
6.485898017883301 0.0
6.500820159912109 0.0
6.509005069732666 0.0
6.520612716674805 0.0
6.520718574523926 0.0
6.544265270233154 0.0
6.547842502593994 0.0
6.567502975463867 0.0
6.5707316398620605 0.0
6.569668769836426 0.0
6.5773749351501465 0.0
6.601154804229736 0.0
6.602697849273682 0.0
6.60188102722168 0.0
6.618167400360107 0.0
6.624746799468994 0.0
6.640010356903076 0.0
6.65410041809082 0.0
6.663408279418945 0.0
6.666760444641113 0.0
6.680771827697754 0.0
6.695113658905029 0.0
6.692295074462891 0.0
6.7266106605529785 0.0
6.723707675933838 0.0
6.734640598297119 0.0
6.747025966644287 0.0
6.751318454742432 0.0
6.757063865661621 0.0
6.775787353515625 0.0
6.7761945724487305 0.0
6.779797554016113 0.0
6.811030387878418 0.0
6.81043004989624 0.0
6.827539443969727 0.0
6.830507755279541 0.0
6.846035957336426 0.0
6.8622660636901855 0.0
6.866721153259277 0.0
6.882067680358887 0.0
6.882411479949951 0.0
6.902658462524414 0.0
6.912143707275391 0.0
6.92838716506958 0.0
6.928312301635742 0.0
6.936679840087891 0.0
6.950952529907227 0.0
6.955657958984375 0.0
6.979337692260742 0.0
6.986728668212891 0.0
7.004061222076416 0.0
7.010461807250977 0.0
7.012738227844238 0.0
7.028909206390381 0.0
7.03809118270874 0.0
7.061502933502197 0.0
7.056498050689697 0.0
7.079819202423096 0.0
7.088401794433594 0.0
7.103097915649414 0.0
7.114607810974121 0.0
7.139160633087158 0.0
7.138420104980469 0.0
7.155181407928467 0.0
7.155898094177246 0.0
7.175251483917236 0.0
7.184386730194092 0.0
7.210021495819092 0.0
7.206787109375 0.0
7.226726531982422 0.0
7.235016822814941 0.0
7.258595943450928 0.0
7.253683567047119 0.0
7.2795257568359375 0.0
7.285451889038086 0.0
7.31687068939209 0.0
7.320784091949463 0.0
7.329761028289795 0.0
7.343703269958496 0.0
7.357857704162598 0.0
7.368504047393799 0.0
7.3810014724731445 0.0
7.395270824432373 0.0
7.415057182312012 0.0
7.413955211639404 0.0
7.438991069793701 0.0
7.439638137817383 0.0
7.462831020355225 0.0
7.467479228973389 0.0
7.485572338104248 0.0
7.508031368255615 0.0
7.513350009918213 0.0
7.539350986480713 0.0
7.549887657165527 0.0
7.554744720458984 0.0
7.584694862365723 0.0
7.583679676055908 0.0
7.597688674926758 0.0
7.614314079284668 0.0
7.627561092376709 0.0
7.647100448608398 0.0
7.66627311706543 0.0
7.666252613067627 0.0
7.691606044769287 0.0
7.70396614074707 0.0
7.7192511558532715 0.0
7.733946800231934 0.0
7.748596668243408 0.0
7.765862464904785 0.0
7.776054859161377 0.0
7.796825408935547 0.0
7.814392566680908 0.0
7.82816743850708 0.0
7.848531723022461 0.0
7.855745792388916 0.0
7.865890979766846 0.0
7.8989739418029785 0.0
7.898914337158203 0.0
7.916476726531982 0.0
7.953434467315674 0.0
7.9462151527404785 0.0
7.9774556159973145 0.0
7.971132755279541 0.0
8.008557319641113 0.0
8.019312858581543 0.0
8.029252052307129 0.0
8.03432846069336 0.0
8.067792892456055 0.0
8.080611228942871 0.0
8.097230911254883 0.0
8.12987995147705 0.0
8.127243041992188 0.0
8.141715049743652 0.0
8.164505958557129 0.0
8.191933631896973 0.0
8.201640129089355 0.0
8.228768348693848 0.0
8.23373031616211 0.0
8.246501922607422 0.0
8.292210578918457 0.0
8.291096687316895 0.0
8.31342887878418 0.0
8.32149600982666 0.0
8.356547355651855 0.0
8.369855880737305 0.0
8.38770580291748 0.0
8.40610408782959 0.0
8.410667419433594 0.0
8.451358795166016 0.0
8.457514762878418 0.0
8.478521347045898 0.0
8.488969802856445 0.0
8.511320114135742 0.0
8.54670238494873 0.0
8.564462661743164 0.0
8.572221755981445 0.0
8.58748722076416 0.0
8.600970268249512 0.0
8.648218154907227 0.0
8.664664268493652 0.0
8.679647445678711 0.0
8.69595718383789 0.0
8.714191436767578 0.0
8.722454071044922 0.0
8.7697114944458 0.0
8.776843070983887 0.0
8.794017791748047 0.0
8.816171646118164 0.0
8.833332061767578 0.0
8.854243278503418 0.0
8.888150215148926 0.0
8.906967163085938 0.0
8.93099594116211 0.0
8.947867393493652 0.0
8.97044563293457 0.0
8.987401008605957 0.0
8.996261596679688 0.0
9.023905754089355 0.0
9.056475639343262 0.0
9.081024169921875 0.0
9.103211402893066 0.0
9.123494148254395 0.0
9.149211883544922 0.0
9.168340682983398 0.0
9.185887336730957 0.0
9.216779708862305 0.0
9.245269775390625 0.0
9.26931381225586 0.0
9.29023551940918 0.0
9.307744979858398 0.0
9.333565711975098 0.0
9.364951133728027 0.0
9.369195938110352 0.0
9.395691871643066 0.0
9.428780555725098 0.0
9.465100288391113 0.0
9.497415542602539 0.0
9.518372535705566 0.0
9.534314155578613 0.0
9.559709548950195 0.0
9.579697608947754 0.0
9.602946281433105 0.0
9.626338958740234 0.0
9.6450834274292 0.0
9.672538757324219 0.0
9.704885482788086 0.0
9.725851058959961 0.0
9.781725883483887 0.0
9.804910659790039 0.0
9.782382011413574 0.0
9.776761054992676 0.0
9.769731521606445 0.0
9.773192405700684 0.0
9.790678024291992 0.0
9.822368621826172 0.0
9.836817741394043 0.0
9.873152732849121 0.0
9.901968002319336 0.0
10.060087203979492 0.0
10.086831092834473 0.0
10.111008644104004 0.0
10.141424179077148 0.0
10.17175579071045 0.0
10.20388126373291 0.0
10.22376823425293 0.0
10.257774353027344 0.0
10.301397323608398 0.0
10.348820686340332 0.0
10.380546569824219 0.0
10.413480758666992 0.0
10.446674346923828 0.0
10.473799705505371 0.0
10.501941680908203 0.0
10.531272888183594 0.0
10.563560485839844 0.0
10.608904838562012 0.0
10.623562812805176 0.0
10.663759231567383 0.0
10.682526588439941 0.0
10.7218017578125 0.0
10.762855529785156 0.0
10.791845321655273 0.0
10.825334548950195 0.0
10.865473747253418 0.0
10.89167594909668 0.0
10.922952651977539 0.0
10.95932674407959 0.0
10.995628356933594 0.0
11.025847434997559 0.0
11.073030471801758 0.0
11.092397689819336 0.0
10.706228256225586 2000.0
10.679289817810059 2000.0
10.661075592041016 2000.0
10.654797554016113 2000.0
10.64030933380127 2000.0
10.640825271606445 2000.0
10.635671615600586 2000.0
10.643041610717773 2000.0
10.6464204788208 2000.0
10.652647018432617 2000.0
10.669093132019043 2000.0
10.698281288146973 2000.0
11.59748363494873 0.0
11.639636039733887 0.0
11.671772956848145 0.0
11.716862678527832 0.0
11.757796287536621 0.0
11.81097412109375 0.0
11.80079174041748 0.0
11.84674072265625 0.0
11.896210670471191 0.0
11.933143615722656 0.0
11.971643447875977 0.0
12.019613265991211 0.0
12.070877075195312 0.0
12.122225761413574 0.0
12.167012214660645 0.0
12.213117599487305 0.0
12.2481689453125 0.0
12.291589736938477 0.0
12.337407112121582 0.0
12.398544311523438 0.0
12.439864158630371 0.0
12.48076343536377 0.0
12.538579940795898 0.0
12.581151008605957 0.0
12.631379127502441 0.0
12.682889938354492 0.0
12.729744911193848 0.0
12.79537582397461 0.0
12.787371635437012 0.0
12.840267181396484 0.0
12.887843132019043 0.0
12.957408905029297 0.0
13.005472183227539 0.0
13.055585861206055 0.0
13.11402702331543 0.0
13.165362358093262 0.0
13.220685958862305 0.0
13.273187637329102 0.0
13.331374168395996 0.0
13.391077041625977 0.0
13.46106243133545 0.0
13.512312889099121 0.0
13.572510719299316 0.0
13.577399253845215 0.0
13.631770133972168 0.0
13.690134048461914 0.0
13.7550687789917 0.0
13.819319725036621 0.0
13.87405776977539 0.0
13.85376262664795 0.0
13.841791152954102 0.0
13.873910903930664 0.0
13.937226295471191 0.0
14.210630416870117 0.0
14.280831336975098 0.0
14.277549743652344 0.0
14.354063034057617 0.0
14.414987564086914 0.0
14.494616508483887 0.0
14.55681037902832 0.0
14.625697135925293 0.0
14.697659492492676 0.0
14.774453163146973 0.0
14.853376388549805 0.0
14.919489860534668 0.0
14.92219066619873 0.0
14.997761726379395 0.0
15.075227737426758 0.0
15.14941692352295 0.0
15.225357055664062 0.0
15.309603691101074 0.0
15.393159866333008 0.0
15.470115661621094 0.0
15.555773735046387 0.0
15.645086288452148 0.0
15.634753227233887 0.0
15.723227500915527 0.0
15.808470726013184 0.0
15.89870834350586 0.0
15.985136985778809 0.0
16.075695037841797 0.0
3.914863348007202 2000.0
3.907442331314087 2000.0
3.899611234664917 2000.0
3.9021685123443604 2000.0
3.8880386352539062 2000.0
3.8806815147399902 2000.0
3.87688946723938 2000.0
3.867922306060791 2000.0
3.873764991760254 2000.0
3.8538973331451416 2000.0
3.857253074645996 2000.0
3.8631160259246826 2000.0
3.8521554470062256 2000.0
3.8590261936187744 2000.0
3.8546063899993896 2000.0
3.854675531387329 2000.0
3.8494598865509033 2000.0
3.8501062393188477 2000.0
3.8550097942352295 2000.0
3.852041482925415 2000.0
3.8525803089141846 2000.0
3.8655033111572266 2000.0
3.861074924468994 2000.0
3.8678030967712402 2000.0
3.87601375579834 2000.0
3.8769102096557617 2000.0
3.8749589920043945 2000.0
3.883960723876953 2000.0
3.8919026851654053 2000.0
3.9006898403167725 2000.0
3.9224793910980225 2000.0
3.935161828994751 2000.0
19.270341873168945 0.0
19.40498924255371 0.0
19.409055709838867 0.0
19.54709815979004 0.0
19.686105728149414 0.0
19.82861328125 0.0
19.968774795532227 0.0
20.12795639038086 0.0
20.11801528930664 0.0
4.054910659790039 0.0
4.052535533905029 0.0
4.044672012329102 0.0
4.052727699279785 0.0
4.044069290161133 0.0
4.050093650817871 0.0
4.044270038604736 0.0
4.047970771789551 0.0
4.04156494140625 0.0
4.0352630615234375 0.0
4.026337146759033 0.0
4.03374719619751 0.0
4.033068656921387 0.0
4.027959823608398 0.0
4.029843807220459 0.0
4.02433443069458 0.0
4.033781051635742 0.0
4.02293062210083 0.0
4.024622440338135 0.0
4.01316499710083 0.0
4.017595291137695 0.0
4.030964374542236 0.0
4.019960880279541 0.0
4.023774147033691 0.0
4.049107074737549 0.0
4.035647392272949 0.0
4.049824237823486 0.0
4.042542934417725 0.0
4.040347099304199 0.0
4.033215045928955 0.0
4.036378860473633 0.0
4.0387444496154785 0.0
4.03531551361084 0.0
4.035208225250244 0.0
4.030239105224609 0.0
4.033079624176025 0.0
4.034661769866943 0.0
4.033517837524414 0.0
4.034110069274902 0.0
4.029933929443359 0.0
4.026895999908447 0.0
4.023118495941162 0.0
4.0252156257629395 0.0
4.037812232971191 0.0
4.027993202209473 0.0
4.016049385070801 0.0
4.018826007843018 0.0
4.022987365722656 0.0
4.0184326171875 0.0
4.0215020179748535 0.0
4.024296283721924 0.0
4.021249771118164 0.0
4.013260364532471 0.0
4.012312412261963 0.0
4.009814262390137 0.0
4.015068054199219 0.0
4.025619029998779 0.0
4.012016773223877 0.0
4.012345790863037 0.0
4.004500389099121 0.0
4.014904975891113 0.0
4.0055108070373535 0.0
4.002073764801025 0.0
4.003668308258057 0.0
4.003878593444824 0.0
4.001195907592773 0.0
4.004052639007568 0.0
4.000916957855225 0.0
4.001436233520508 0.0
3.991741418838501 0.0
3.9940977096557617 0.0
4.003891944885254 0.0
3.993669033050537 0.0
3.990743637084961 0.0
3.998331069946289 0.0
3.989302635192871 0.0
3.993140459060669 0.0
3.999471664428711 0.0
3.9945666790008545 0.0
3.984060287475586 0.0
3.990574359893799 0.0
3.9900546073913574 0.0
3.9778029918670654 0.0
3.990541458129883 0.0
4.002719879150391 0.0
3.990959405899048 0.0
3.9949190616607666 0.0
3.977996349334717 0.0
3.9845242500305176 0.0
3.982999324798584 0.0
3.9896767139434814 0.0
3.984978199005127 0.0
3.987119436264038 0.0
3.9740145206451416 0.0
3.972259044647217 0.0
3.9779739379882812 0.0
3.9802491664886475 0.0
3.9737565517425537 0.0
3.9771084785461426 0.0
3.972435712814331 0.0
3.9706497192382812 0.0
3.9815893173217773 0.0
3.974553108215332 0.0
3.9787895679473877 0.0
3.9813244342803955 0.0
3.981078863143921 0.0
3.9844298362731934 0.0
3.9867725372314453 0.0
3.9753952026367188 0.0
3.9790046215057373 0.0
3.9762380123138428 0.0
3.9763643741607666 0.0
3.9853553771972656 0.0
3.9740233421325684 0.0
3.9745500087738037 0.0
3.9751856327056885 0.0
3.9673609733581543 0.0
3.977097749710083 0.0
3.9620001316070557 0.0
3.973012685775757 0.0
3.9725561141967773 0.0
3.9628846645355225 0.0
3.964454174041748 0.0
3.9689879417419434 0.0
3.9836018085479736 0.0
3.973641872406006 0.0
3.967608690261841 0.0
3.9596338272094727 0.0
3.956479072570801 0.0
3.97629976272583 0.0
3.9652748107910156 0.0
3.9746766090393066 0.0
3.9679033756256104 0.0
3.9735934734344482 0.0
3.97259259223938 0.0
3.954228162765503 0.0
3.9691011905670166 0.0
3.9745805263519287 0.0
3.9662024974823 0.0
3.9592831134796143 0.0
3.960810422897339 0.0
3.9675867557525635 0.0
3.966357946395874 0.0
3.9625051021575928 0.0
3.968690872192383 0.0
3.9599740505218506 0.0
3.963036298751831 0.0
3.972371816635132 0.0
3.9666922092437744 0.0
3.960618734359741 0.0
3.9666266441345215 0.0
3.96511173248291 0.0
3.961158275604248 0.0
3.9705910682678223 0.0
3.9713492393493652 0.0
3.9629933834075928 0.0
3.9694690704345703 0.0
3.965240001678467 0.0
3.9687588214874268 0.0
3.9660897254943848 0.0
3.9649298191070557 0.0
3.9651920795440674 0.0
3.969202995300293 0.0
3.971949815750122 0.0
3.9683480262756348 0.0
3.9677038192749023 0.0
3.967556953430176 0.0
3.9628665447235107 0.0
3.963738441467285 0.0
3.964574098587036 0.0
3.968759298324585 0.0
3.9651238918304443 0.0
3.962611436843872 0.0
3.9655027389526367 0.0
3.9640190601348877 0.0
3.966482162475586 0.0
3.9669299125671387 0.0
3.968806266784668 0.0
3.97705078125 0.0
3.959730863571167 0.0
3.964381217956543 0.0
3.9648871421813965 0.0
3.968329668045044 0.0
3.9663901329040527 0.0
3.966174602508545 0.0
3.97370982170105 0.0
3.9729197025299072 0.0
3.967665672302246 0.0
3.9671480655670166 0.0
3.974295139312744 0.0
3.965477466583252 0.0
3.976222515106201 0.0
3.9722681045532227 0.0
3.971637010574341 0.0
3.9621856212615967 0.0
3.9710891246795654 0.0
3.9778130054473877 0.0
3.97623348236084 0.0
3.9682180881500244 0.0
3.978031873703003 0.0
3.967628002166748 0.0
3.97817325592041 0.0
3.972336769104004 0.0
3.983802556991577 0.0
3.9797401428222656 0.0
3.9880905151367188 0.0
3.9722955226898193 0.0
3.9799935817718506 0.0
3.9841246604919434 0.0
3.972787618637085 0.0
3.981019973754883 0.0
3.9773287773132324 0.0
3.980165958404541 0.0
3.9791266918182373 0.0
3.9775876998901367 0.0
3.987191677093506 0.0
3.9841010570526123 0.0
3.985466957092285 0.0
3.9932360649108887 0.0
3.986719846725464 0.0
3.984092950820923 0.0
3.9920761585235596 0.0
3.9823668003082275 0.0
3.9923737049102783 0.0
3.990546941757202 0.0
3.9853293895721436 0.0
3.984464168548584 0.0
3.9906318187713623 0.0
3.9922542572021484 0.0
3.9881060123443604 0.0
3.9926693439483643 0.0
4.004607200622559 0.0
3.99480938911438 0.0
3.990953207015991 0.0
3.997633934020996 0.0
3.99845027923584 0.0
3.9943504333496094 0.0
3.993588447570801 0.0
4.0006842613220215 0.0
4.001802444458008 0.0
4.006261348724365 0.0
4.004756450653076 0.0
4.011547565460205 0.0
4.006749153137207 0.0
4.007232666015625 0.0
3.999194622039795 0.0
4.0058274269104 0.0
4.013862133026123 0.0
4.0038228034973145 0.0
4.018795013427734 0.0
4.014960289001465 0.0
4.012797832489014 0.0
4.007608890533447 0.0
4.013122081756592 0.0
4.006089210510254 0.0
4.012660503387451 0.0
4.013523101806641 0.0
4.0097975730896 0.0
4.013963222503662 0.0
4.020573139190674 0.0
4.022063732147217 0.0
4.019930839538574 0.0
4.032553672790527 0.0
4.027249336242676 0.0
4.024232387542725 0.0
4.023462772369385 0.0
4.022754669189453 0.0
4.026538372039795 0.0
4.037105560302734 0.0
4.023209095001221 0.0
4.022608757019043 0.0
4.023127555847168 0.0
4.031501293182373 0.0
4.038508415222168 0.0
4.032511234283447 0.0
4.027835369110107 0.0
4.035953044891357 0.0
4.040799140930176 0.0
4.035876750946045 0.0
4.0362653732299805 0.0
4.031667232513428 0.0
4.033039093017578 0.0
4.045103549957275 0.0
4.047596454620361 0.0
4.053711414337158 0.0
4.0407867431640625 0.0
4.063510417938232 0.0
4.061488628387451 0.0
4.057452201843262 0.0
4.055662631988525 0.0
4.055036544799805 0.0
4.061250686645508 0.0
4.057604789733887 0.0
4.057371616363525 0.0
4.059431076049805 0.0
4.059778213500977 0.0
4.0585150718688965 0.0
4.070335865020752 0.0
4.064201831817627 0.0
4.065793037414551 0.0
4.0858612060546875 0.0
4.075656414031982 0.0
4.069543838500977 0.0
4.080119609832764 0.0
4.078944206237793 0.0
4.081523418426514 0.0
4.0761213302612305 0.0
4.076889514923096 0.0
4.08814001083374 0.0
4.086528301239014 0.0
4.086627960205078 0.0
4.089728355407715 0.0
4.086886405944824 0.0
4.0661468505859375 0.0
4.058098316192627 0.0
4.062678337097168 0.0
4.08046817779541 0.0
4.066296577453613 0.0
4.07241153717041 0.0
4.074420928955078 0.0
4.078532695770264 0.0
4.0747199058532715 0.0
4.071391582489014 0.0
4.078030109405518 0.0
4.09219217300415 0.0
4.075425148010254 0.0
4.086067199707031 0.0
4.082571983337402 0.0
4.08488130569458 0.0
4.09006404876709 0.0
4.086967945098877 0.0
4.096843719482422 0.0
4.088589668273926 0.0
4.098925590515137 0.0
4.0892229080200195 0.0
4.103371620178223 0.0
4.098789691925049 0.0
4.101021766662598 0.0
16.4582462310791 0.0
16.354204177856445 0.0
16.26258087158203 0.0
16.16649055480957 0.0
16.06298065185547 0.0
16.072528839111328 0.0
15.981826782226562 0.0
15.887584686279297 0.0
15.79582691192627 0.0
15.708325386047363 0.0
15.611002922058105 0.0
15.528282165527344 0.0
15.437864303588867 0.0
15.445844650268555 0.0
15.354024887084961 0.0
15.276504516601562 0.0
15.190035820007324 0.0
15.105744361877441 0.0
15.030014991760254 0.0
14.95132827758789 0.0
14.868876457214355 0.0
14.785141944885254 0.0
14.793784141540527 0.0
14.714204788208008 0.0
14.638117790222168 0.0
14.56807804107666 0.0
14.491669654846191 0.0
14.415427207946777 0.0
14.339102745056152 0.0
14.272355079650879 0.0
14.196653366088867 0.0
13.919705390930176 0.0
13.92044448852539 0.0
13.852664947509766 0.0
13.780620574951172 0.0
13.790299415588379 0.0
13.795971870422363 0.0
13.793254852294922 0.0
13.72253131866455 0.0
13.665362358093262 0.0
13.597278594970703 0.0
13.525815963745117 0.0
13.476982116699219 0.0
13.476448059082031 0.0
13.418962478637695 0.0
13.350232124328613 0.0
13.2862548828125 0.0
13.223482131958008 0.0
13.166430473327637 0.0
13.105459213256836 0.0
13.04710865020752 0.0
12.991902351379395 0.0
12.937129974365234 0.0
12.882280349731445 0.0
12.826087951660156 0.0
12.757765769958496 0.0
12.715200424194336 0.0
12.72134017944336 0.0
12.668229103088379 0.0
12.616604804992676 0.0
12.567438125610352 0.0
12.503633499145508 0.0
12.455240249633789 0.0
12.400453567504883 0.0
12.354581832885742 0.0
12.308753967285156 0.0
12.247896194458008 0.0
12.204363822937012 0.0
12.156771659851074 0.0
12.111388206481934 0.0
12.066459655761719 0.0
12.005019187927246 0.0
11.965798377990723 0.0
11.920092582702637 0.0
11.917512893676758 0.0
11.875859260559082 0.0
11.828319549560547 0.0
11.793876647949219 0.0
11.74231243133545 0.0
11.702537536621094 0.0
11.659950256347656 0.0
11.613258361816406 0.0
11.576191902160645 0.0
11.519888877868652 0.0
11.488155364990234 0.0
11.450745582580566 0.0
11.398000717163086 0.0
11.358969688415527 0.0
11.318675994873047 0.0
11.28582763671875 0.0
11.242663383483887 0.0
11.197702407836914 0.0
11.164066314697266 0.0
11.124427795410156 0.0
11.086241722106934 0.0
11.05170726776123 0.0
11.00948429107666 0.0
10.96550178527832 0.0
10.93702220916748 0.0
10.900023460388184 0.0
10.863035202026367 0.0
10.830574989318848 0.0
10.797130584716797 0.0
10.752717971801758 0.0
10.718761444091797 0.0
10.683113098144531 0.0
10.654937744140625 0.0
10.622644424438477 0.0
10.585766792297363 0.0
10.549505233764648 0.0
10.518706321716309 0.0
10.483798027038574 0.0
10.460846900939941 0.0
10.422626495361328 0.0
10.38330078125 0.0
10.366761207580566 0.0
10.333902359008789 0.0
10.29861831665039 0.0
10.26290225982666 0.0
10.242227554321289 0.0
10.206441879272461 0.0
10.164544105529785 0.0
10.157110214233398 0.0
10.113844871520996 0.0
10.084671020507812 0.0
10.052988052368164 0.0
10.034956932067871 0.0
9.990970611572266 0.0
9.821141242980957 0.0
9.797307014465332 0.0
9.760955810546875 0.0
9.744240760803223 0.0
9.245211601257324 2000.0
9.208054542541504 2000.0
9.192131042480469 2000.0
9.186476707458496 2000.0
9.17711353302002 2000.0
9.170010566711426 2000.0
9.167837142944336 2000.0
9.16758918762207 2000.0
9.17185115814209 2000.0
9.171856880187988 2000.0
9.18734073638916 2000.0
9.195160865783691 2000.0
9.218416213989258 2000.0
9.238935470581055 2000.0
9.46799373626709 0.0
9.445521354675293 0.0
9.415294647216797 0.0
9.400057792663574 0.0
9.368640899658203 0.0
9.35012435913086 0.0
9.32689380645752 0.0
9.310441970825195 0.0
9.28166675567627 0.0
9.231491088867188 0.0
9.220255851745605 0.0
9.188337326049805 0.0
9.173468589782715 0.0
9.143796920776367 0.0
9.127914428710938 0.0
9.103151321411133 0.0
9.082447052001953 0.0
9.055224418640137 0.0
9.040243148803711 0.0
8.990507125854492 0.0
8.979464530944824 0.0
8.952715873718262 0.0
8.924431800842285 0.0
8.90994644165039 0.0
8.892309188842773 0.0
8.879050254821777 0.0
8.849675178527832 0.0
8.825724601745605 0.0
8.792655944824219 0.0
8.76833724975586 0.0
8.762145042419434 0.0
8.739542961120605 0.0
8.716612815856934 0.0
8.696816444396973 0.0
8.681297302246094 0.0
8.666862487792969 0.0
8.624595642089844 0.0
8.601144790649414 0.0
8.592761039733887 0.0
8.576716423034668 0.0
8.548417091369629 0.0
8.531455993652344 0.0
8.502693176269531 0.0
8.482901573181152 0.0
8.469053268432617 0.0
8.449898719787598 0.0
8.427714347839355 0.0
8.419953346252441 0.0
8.38277816772461 0.0
8.3628511428833 0.0
8.355109214782715 0.0
8.325820922851562 0.0
8.316003799438477 0.0
8.29108715057373 0.0
8.26773738861084 0.0
8.256450653076172 0.0
8.233305931091309 0.0
8.216388702392578 0.0
8.207995414733887 0.0
8.171395301818848 0.0
8.159419059753418 0.0
8.146130561828613 0.0
8.132033348083496 0.0
8.117786407470703 0.0
8.085014343261719 0.0
8.076869010925293 0.0
8.054591178894043 0.0
8.047636985778809 0.0
8.03469181060791 0.0
7.997808456420898 0.0
7.979089260101318 0.0
7.969609260559082 0.0
7.965190887451172 0.0
7.9285712242126465 0.0
7.908806800842285 0.0
7.906332492828369 0.0
7.88928747177124 0.0
7.858788013458252 0.0
7.85213565826416 0.0
7.832033157348633 0.0
7.818634510040283 0.0
7.798874855041504 0.0
7.797515869140625 0.0
7.772611618041992 0.0
7.755558013916016 0.0
7.727723121643066 0.0
7.7190842628479 0.0
7.711315631866455 0.0
7.686336040496826 0.0
7.668843746185303 0.0
7.6638054847717285 0.0
7.6492109298706055 0.0
7.631439208984375 0.0
7.612949371337891 0.0
7.59118127822876 0.0
7.585449695587158 0.0
7.564930438995361 0.0
7.5542097091674805 0.0
7.530972480773926 0.0
7.517549514770508 0.0
7.510399341583252 0.0
7.499125003814697 0.0
7.484874248504639 0.0
7.453396320343018 0.0
7.4451003074646 0.0
7.4428253173828125 0.0
7.425755977630615 0.0
7.407797813415527 0.0
7.391197681427002 0.0
7.37809419631958 0.0
7.359865665435791 0.0
7.344552516937256 0.0
7.335748672485352 0.0
7.321524143218994 0.0
7.311039447784424 0.0
7.294076919555664 0.0
7.276396751403809 0.0
7.2717695236206055 0.0
7.254850387573242 0.0
7.244972229003906 0.0
7.226539134979248 0.0
7.203043460845947 0.0
7.205334186553955 0.0
7.191620349884033 0.0
7.176246166229248 0.0
7.162440776824951 0.0
7.146793365478516 0.0
7.1387619972229 0.0
7.119087219238281 0.0
7.10804557800293 0.0
7.10029935836792 0.0
7.084817409515381 0.0
7.066970348358154 0.0
7.066022872924805 0.0
7.049468517303467 0.0
7.034909725189209 0.0
7.035685062408447 0.0
7.002685546875 0.0
7.000097274780273 0.0
6.984482288360596 0.0
6.981689453125 0.0
6.964912414550781 0.0
6.954468250274658 0.0
6.94051456451416 0.0
6.9267144203186035 0.0
6.922677993774414 0.0
6.903554439544678 0.0
6.884659290313721 0.0
6.883550643920898 0.0
6.86768102645874 0.0
6.848696708679199 0.0
6.853475570678711 0.0
6.833436012268066 0.0
6.811635971069336 0.0
6.814281940460205 0.0
6.800783157348633 0.0
6.790462970733643 0.0
6.77748441696167 0.0
6.771173477172852 0.0
6.761659145355225 0.0
6.747528553009033 0.0
6.730576992034912 0.0
6.722794055938721 0.0
6.716424942016602 0.0
6.691131114959717 0.0
6.691473484039307 0.0
6.680766582489014 0.0
6.669061183929443 0.0
6.658967971801758 0.0
6.644059658050537 0.0
6.639225482940674 0.0
6.637941360473633 0.0
6.614867687225342 0.0
6.609560966491699 0.0
6.598642826080322 0.0
6.585519790649414 0.0
6.576469421386719 0.0
6.572944164276123 0.0
6.558722496032715 0.0
6.549869537353516 0.0
6.530712127685547 0.0
6.5264692306518555 0.0
6.517637252807617 0.0
6.501383304595947 0.0
6.504272937774658 0.0
6.489515781402588 0.0
6.475068092346191 0.0
6.4638566970825195 0.0
6.466742992401123 0.0
6.456803321838379 0.0
6.433115482330322 0.0
6.4272966384887695 0.0
6.4156904220581055 0.0
6.404283046722412 0.0
6.396401882171631 0.0
6.391757965087891 0.0
6.374454498291016 0.0
6.372363567352295 0.0
6.36306095123291 0.0
6.360231399536133 0.0
6.345386981964111 0.0
6.3311357498168945 0.0
6.3226823806762695 0.0
6.323731422424316 0.0
6.31148099899292 0.0
6.309276580810547 0.0
6.304039478302002 0.0
6.290353775024414 0.0
6.27866792678833 0.0
6.181878089904785 0.0
6.162570476531982 0.0
6.158283710479736 0.0
6.1481852531433105 0.0
6.149320602416992 0.0
6.135237693786621 0.0
6.123770713806152 0.0
6.117738723754883 0.0
6.101017951965332 0.0
6.092941761016846 0.0
6.096697807312012 0.0
6.0819244384765625 0.0
6.076719760894775 0.0
6.0941691398620605 0.0
6.097944736480713 0.0
6.11380672454834 0.0
6.118690490722656 0.0
6.125494003295898 0.0
6.138391971588135 0.0
6.1611552238464355 0.0
6.158779144287109 0.0
6.176151275634766 0.0
6.191065788269043 0.0
6.245845317840576 0.0
6.260885715484619 0.0
6.2737250328063965 0.0
6.290170192718506 0.0
6.301904201507568 0.0
6.315049171447754 0.0
6.314316749572754 0.0
6.3408026695251465 0.0
6.345191955566406 0.0
6.358371257781982 0.0
6.367692947387695 0.0
6.383852481842041 0.0
6.391188144683838 0.0
6.399953365325928 0.0
6.426988124847412 0.0
6.42920446395874 0.0
6.436779975891113 0.0
6.4606614112854 0.0
6.476562023162842 0.0
6.49096155166626 0.0
6.4968976974487305 0.0
6.511364936828613 0.0
6.5293121337890625 0.0
6.5386762619018555 0.0
6.554407596588135 0.0
6.564435005187988 0.0
6.581717491149902 0.0
6.583437919616699 0.0
6.615898132324219 0.0
6.620163917541504 0.0
6.63405179977417 0.0
6.6490912437438965 0.0
6.6683502197265625 0.0
6.674402236938477 0.0
6.686880111694336 0.0
6.710267543792725 0.0
6.722692489624023 0.0
6.7292656898498535 0.0
6.753509044647217 0.0
6.7603654861450195 0.0
6.7784647941589355 0.0
6.80019998550415 0.0
6.795328617095947 0.0
6.829926490783691 0.0
6.840274333953857 0.0
6.861354351043701 0.0
6.881032943725586 0.0
6.8825602531433105 0.0
6.895539283752441 0.0
6.9166646003723145 0.0
6.9333672523498535 0.0
6.951179027557373 0.0
6.956634998321533 0.0
6.978491306304932 0.0
6.9888386726379395 0.0
7.0074896812438965 0.0
7.033869743347168 0.0
7.041924476623535 0.0
7.075791835784912 0.0
7.075394153594971 0.0
7.0814738273620605 0.0
7.108515739440918 0.0
7.1308159828186035 0.0
7.143343448638916 0.0
7.15858793258667 0.0
7.173241138458252 0.0
7.191861152648926 0.0
7.2088117599487305 0.0
7.240779876708984 0.0
7.252580642700195 0.0
7.2554192543029785 0.0
7.285010814666748 0.0
7.2997236251831055 0.0
7.3052778244018555 0.0
7.339206218719482 0.0
7.357928276062012 0.0
7.37441873550415 0.0
7.388584613800049 0.0
7.40671443939209 0.0
7.413586616516113 0.0
7.433257102966309 0.0
7.449441909790039 0.0
7.487860679626465 0.0
7.506748199462891 0.0
7.527230739593506 0.0
7.547023296356201 0.0
7.562107086181641 0.0
7.577236175537109 0.0
7.5865960121154785 0.0
7.598124027252197 0.0
7.621273517608643 0.0
7.663963794708252 0.0
7.6799468994140625 0.0
7.698511600494385 0.0
7.698976516723633 0.0
7.696357250213623 0.0
7.703460216522217 0.0
7.721868991851807 0.0
7.740827560424805 0.0
7.753721237182617 0.0
7.767482757568359 0.0
7.79469108581543 0.0
7.812905788421631 0.0
17.2784366607666 0.0
17.267250061035156 0.0
17.248729705810547 0.0
17.23384666442871 0.0
17.213659286499023 0.0
17.197071075439453 0.0
17.192230224609375 0.0
17.164594650268555 0.0
17.16581153869629 0.0
17.135374069213867 0.0
17.134340286254883 0.0
7.922570705413818 2000.0
7.8941240310668945 2000.0
7.8844685554504395 2000.0
7.882954120635986 2000.0
7.874076843261719 2000.0
7.870270252227783 2000.0
7.865933418273926 2000.0
7.862623691558838 2000.0
7.873717784881592 2000.0
7.877530097961426 2000.0
7.882166385650635 2000.0
7.873885631561279 2000.0
7.887794494628906 2000.0
7.901324272155762 2000.0
7.924572467803955 2000.0
16.896472930908203 0.0
16.881315231323242 0.0
16.871036529541016 0.0
16.86261749267578 0.0
16.843957901000977 0.0
16.82965660095215 0.0
16.812511444091797 0.0
16.791746139526367 0.0
16.780912399291992 0.0
16.770530700683594 0.0
16.76424217224121 0.0
16.741748809814453 0.0
16.730941772460938 0.0
16.718914031982422 0.0
16.714879989624023 0.0
16.69084930419922 0.0
16.679086685180664 0.0
16.672290802001953 0.0
16.65399932861328 0.0
16.65115737915039 0.0
16.63620948791504 0.0
16.62433433532715 0.0
16.603139877319336 0.0
16.595306396484375 0.0
16.578710556030273 0.0
16.573036193847656 0.0
16.55237579345703 0.0
16.53683090209961 0.0
16.5290584564209 0.0
16.519113540649414 0.0
16.508575439453125 0.0
16.488677978515625 0.0
16.48639488220215 0.0
16.472293853759766 0.0
16.454153060913086 0.0
16.43975067138672 0.0
16.419187545776367 0.0
16.396331787109375 0.0
16.413665771484375 0.0
16.3996639251709 0.0
16.37372589111328 0.0
16.371124267578125 0.0
16.352420806884766 0.0
16.339818954467773 0.0
16.334135055541992 0.0
16.323301315307617 0.0
16.326488494873047 0.0
16.308195114135742 0.0
16.30401039123535 0.0
16.292137145996094 0.0
16.271915435791016 0.0
16.26866340637207 0.0
16.254802703857422 0.0
16.238378524780273 0.0
16.237014770507812 0.0
3.3063249588012695 2000.0
3.2877309322357178 2000.0
3.267498016357422 2000.0
3.259559154510498 2000.0
3.251272678375244 2000.0
3.261584520339966 2000.0
3.243119955062866 2000.0
3.2397572994232178 2000.0
3.240873098373413 2000.0
3.2406184673309326 2000.0
3.2358429431915283 2000.0
3.233022451400757 2000.0
3.2300643920898438 2000.0
3.2300937175750732 2000.0
3.2326300144195557 2000.0
3.2313597202301025 2000.0
3.2184975147247314 2000.0
3.2248055934906006 2000.0
3.2245585918426514 2000.0
3.2293541431427 2000.0
3.2187259197235107 2000.0
3.231410264968872 2000.0
3.227505683898926 2000.0
3.2307751178741455 2000.0
3.2319674491882324 2000.0
3.224266290664673 2000.0
3.23606014251709 2000.0
3.2311160564422607 2000.0
3.236048936843872 2000.0
3.230393648147583 2000.0
3.248065710067749 2000.0
3.244472026824951 2000.0
3.2476086616516113 2000.0
3.2658355236053467 2000.0
3.2712228298187256 2000.0
3.264671564102173 2000.0
3.275905132293701 2000.0
3.2970917224884033 2000.0
15.857061386108398 0.0
15.834524154663086 0.0
15.83206558227539 0.0
15.823647499084473 0.0
15.822660446166992 0.0
15.801433563232422 0.0
15.802339553833008 0.0
15.7803316116333 0.0
15.789891242980957 0.0
15.78098201751709 0.0
15.765830993652344 0.0
15.766416549682617 0.0
15.7432222366333 0.0
15.74374008178711 0.0
15.730936050415039 0.0
15.720480918884277 0.0
15.714606285095215 0.0
15.708956718444824 0.0
15.706972122192383 0.0
15.693514823913574 0.0
15.687727928161621 0.0
15.671258926391602 0.0
15.68264102935791 0.0
15.656532287597656 0.0
15.653676986694336 0.0
15.647233009338379 0.0
15.641215324401855 0.0
3.4510209560394287 0.0
3.4385383129119873 0.0
3.4366066455841064 0.0
3.451428174972534 0.0
3.4293344020843506 0.0
3.4379477500915527 0.0
3.4284098148345947 0.0
3.4310922622680664 0.0
3.446439027786255 0.0
3.4623889923095703 0.0
3.46207857131958 0.0
3.4752824306488037 0.0
3.467503309249878 0.0
3.460702896118164 0.0
3.471632957458496 0.0
3.4712157249450684 0.0
3.464857578277588 0.0
3.4581198692321777 0.0
3.4636685848236084 0.0
3.4549098014831543 0.0
3.460969924926758 0.0
3.450521945953369 0.0
3.4483048915863037 0.0
3.4526655673980713 0.0
3.4562180042266846 0.0
3.4480772018432617 0.0
3.4448349475860596 0.0
3.442735433578491 0.0
3.4431607723236084 0.0
3.4452340602874756 0.0
3.4363176822662354 0.0
3.4384231567382812 0.0
3.43758487701416 0.0
3.4383130073547363 0.0
3.434142589569092 0.0
3.445758819580078 0.0
3.4334442615509033 0.0
3.433138132095337 0.0
3.4347550868988037 0.0
3.425459384918213 0.0
3.4233429431915283 0.0
3.424006223678589 0.0
3.438284397125244 0.0
3.431223154067993 0.0
3.4583725929260254 0.0
3.4930670261383057 0.0
3.5241706371307373 0.0
3.5485806465148926 0.0
3.571044683456421 0.0
3.5759875774383545 0.0
3.606938123703003 0.0
3.6400859355926514 0.0
3.6619303226470947 0.0
3.700105667114258 0.0
3.7303435802459717 0.0
3.8032610416412354 0.0
3.8120737075805664 0.0
3.8418493270874023 0.0
3.873415470123291 0.0
3.91963529586792 0.0
3.9277184009552 0.0
3.9434125423431396 0.0
3.940657615661621 0.0
3.9729177951812744 0.0
4.00560188293457 0.0
4.059441089630127 0.0
4.089487075805664 0.0
4.123187065124512 0.0
4.132932186126709 0.0
4.1611433029174805 0.0
4.222001552581787 0.0
4.2479987144470215 0.0
4.376673698425293 0.0
4.414657115936279 0.0
4.42086124420166 0.0
3.3928158283233643 0.0
3.3897790908813477 0.0
3.390402317047119 0.0
3.387248992919922 0.0
3.3833017349243164 0.0
3.3808414936065674 0.0
3.3869993686676025 0.0
3.385153293609619 0.0
3.3861513137817383 0.0
3.376965284347534 0.0
3.3861334323883057 0.0
3.3785877227783203 0.0
3.37752628326416 0.0
3.3747172355651855 0.0
3.3741872310638428 0.0
3.371539831161499 0.0
3.3753108978271484 0.0
3.323296308517456 0.0
3.3244094848632812 0.0
3.3346900939941406 0.0
3.3197786808013916 0.0
3.324608087539673 0.0
3.339864730834961 0.0
3.3256373405456543 0.0
3.3212130069732666 0.0
3.3290703296661377 0.0
3.31826114654541 0.0
3.3300981521606445 0.0
3.327166795730591 0.0
3.320219039916992 0.0
3.3190207481384277 0.0
3.3262054920196533 0.0
3.3290481567382812 0.0
3.3336241245269775 0.0
3.3228280544281006 0.0
3.3234360218048096 0.0
3.31357741355896 0.0
3.3220138549804688 0.0
3.326923131942749 0.0
3.319854974746704 0.0
3.3096354007720947 0.0
3.321489095687866 0.0
3.320359706878662 0.0
3.722580671310425 0.0
3.7331879138946533 0.0
3.7940075397491455 0.0
3.892876148223877 0.0
3.959200620651245 0.0
4.034918308258057 0.0
4.032060623168945 0.0
4.088244915008545 0.0
4.164686679840088 0.0
4.2117815017700195 0.0
4.214526176452637 0.0
4.202421188354492 0.0
4.204216480255127 0.0
4.205556869506836 0.0
4.199542045593262 0.0
4.877106189727783 0.0
4.985237121582031 0.0
4.98931884765625 0.0
5.082971572875977 0.0
5.08651065826416 0.0
5.086586952209473 0.0
5.084475040435791 0.0
5.078842639923096 0.0
5.078474998474121 0.0
5.08087158203125 0.0
5.78764009475708 0.0
5.9050750732421875 0.0
5.912441253662109 0.0
5.975796699523926 0.0
5.972007751464844 0.0
5.971549987792969 0.0
6.883880138397217 0.0
6.8869194984436035 0.0
6.885782718658447 0.0
6.88650369644165 0.0
6.887415409088135 0.0
6.897641181945801 0.0
14.968548774719238 0.0
14.971211433410645 0.0
14.969903945922852 0.0
14.960448265075684 0.0
14.965348243713379 0.0
14.967520713806152 0.0
14.963667869567871 0.0
14.95502758026123 0.0
14.964111328125 0.0
14.954021453857422 0.0
14.956624031066895 0.0
14.96219253540039 0.0
7.187495708465576 0.0
7.186813831329346 0.0
7.180613994598389 0.0
7.183508396148682 0.0
7.182745933532715 0.0
7.178149700164795 0.0
7.1881256103515625 0.0
7.180179595947266 0.0
7.177060127258301 0.0
7.171511173248291 0.0
7.173573017120361 0.0
7.2987565994262695 0.0
7.30000638961792 0.0
7.297678470611572 0.0
7.30160665512085 0.0
7.298013687133789 0.0
7.296615123748779 0.0
7.319709300994873 0.0
7.293989658355713 0.0
7.302766799926758 0.0
7.302032470703125 0.0
7.304804801940918 0.0
7.2983317375183105 0.0
7.30073881149292 0.0
7.295547962188721 0.0
7.3034515380859375 0.0
7.3108811378479 0.0
7.300893783569336 0.0
7.297878265380859 0.0
7.289851188659668 0.0
7.294941425323486 0.0
7.306720733642578 0.0
7.291255474090576 0.0
7.17560338973999 0.0
7.180498123168945 0.0
7.180035591125488 0.0
7.177056312561035 0.0
7.180271148681641 0.0
7.183095932006836 0.0
7.190849304199219 0.0
7.175663471221924 0.0
7.187634468078613 0.0
7.175381183624268 0.0
7.176461696624756 0.0
14.962363243103027 0.0
14.963332176208496 0.0
14.957427978515625 0.0
14.962573051452637 0.0
14.962950706481934 0.0
14.964157104492188 0.0
14.966262817382812 0.0
14.953235626220703 0.0
14.971468925476074 0.0
14.957831382751465 0.0
14.970075607299805 0.0
14.96183967590332 0.0
14.96479606628418 0.0
14.976442337036133 0.0
14.97899341583252 0.0
14.970248222351074 0.0
14.97827434539795 0.0
14.977831840515137 0.0
14.983839988708496 0.0
14.983060836791992 0.0
14.989909172058105 0.0
14.990615844726562 0.0
14.985021591186523 0.0
14.990028381347656 0.0
14.990923881530762 0.0
14.99238109588623 0.0
14.989968299865723 0.0
14.988877296447754 0.0
15.000578880310059 0.0
14.99576473236084 0.0
14.99551010131836 0.0
15.009556770324707 0.0
15.013604164123535 0.0
15.007736206054688 0.0
15.002276420593262 0.0
15.00086498260498 0.0
15.02060317993164 0.0
15.022916793823242 0.0
15.017924308776855 0.0
15.013516426086426 0.0
15.02877140045166 0.0
15.022493362426758 0.0
15.034245491027832 0.0
15.036712646484375 0.0
15.027016639709473 0.0
15.038995742797852 0.0
15.035013198852539 0.0
15.041407585144043 0.0
15.045433044433594 0.0
15.042461395263672 0.0
15.046087265014648 0.0
15.054231643676758 0.0
15.059733390808105 0.0
15.064016342163086 0.0
15.063407897949219 0.0
15.058666229248047 0.0
15.06755542755127 0.0
15.068690299987793 0.0
15.072863578796387 0.0
15.078861236572266 0.0
14.789999008178711 2000.0
14.75510311126709 2000.0
14.74217700958252 2000.0
14.736241340637207 2000.0
14.729304313659668 2000.0
14.73713493347168 2000.0
14.755380630493164 2000.0
14.765109062194824 2000.0
15.105340003967285 0.0
15.11504077911377 0.0
15.1072359085083 0.0
15.119401931762695 0.0
15.11147689819336 0.0
15.107232093811035 0.0
15.122858047485352 0.0
15.124519348144531 0.0
15.132241249084473 0.0
15.124189376831055 0.0
15.138361930847168 0.0
15.148819923400879 0.0
15.146862030029297 0.0
15.152179718017578 0.0
15.158607482910156 0.0
15.162334442138672 0.0
15.161709785461426 0.0
15.169361114501953 0.0
15.161904335021973 0.0
15.172114372253418 0.0
15.182398796081543 0.0
15.18268871307373 0.0
15.183942794799805 0.0
15.188912391662598 0.0
15.204923629760742 0.0
15.202288627624512 0.0
15.198208808898926 0.0
15.202290534973145 0.0
15.211493492126465 0.0
15.215217590332031 0.0
15.226908683776855 0.0
15.227739334106445 0.0
15.227591514587402 0.0
15.230939865112305 0.0
15.24151611328125 0.0
15.253416061401367 0.0
15.24878978729248 0.0
15.260998725891113 0.0
15.258709907531738 0.0
15.255636215209961 0.0
15.272663116455078 0.0
15.275154113769531 0.0
15.276627540588379 0.0
15.279081344604492 0.0
15.283851623535156 0.0
15.28714370727539 0.0
15.29675579071045 0.0
15.305559158325195 0.0
15.311995506286621 0.0
15.319353103637695 0.0
15.321924209594727 0.0
15.32487678527832 0.0
15.324935913085938 0.0
15.335216522216797 0.0
15.344406127929688 0.0
15.352368354797363 0.0
15.35264778137207 0.0
15.357634544372559 0.0
15.362556457519531 0.0
15.36884880065918 0.0
15.379332542419434 0.0
15.387106895446777 0.0
15.406028747558594 0.0
15.3951997756958 0.0
15.401373863220215 0.0
15.397289276123047 0.0
15.408662796020508 0.0
15.416729927062988 0.0
15.432936668395996 0.0
15.436788558959961 0.0
15.431612968444824 0.0
15.442306518554688 0.0
15.4481840133667 0.0
15.458109855651855 0.0
15.464237213134766 0.0
15.472210884094238 0.0
15.479991912841797 0.0
15.479761123657227 0.0
15.494400024414062 0.0
15.506803512573242 0.0
15.502903938293457 0.0
15.514485359191895 0.0
15.521208763122559 0.0
15.521113395690918 0.0
15.530019760131836 0.0
15.535543441772461 0.0
15.538403511047363 0.0
15.54870891571045 0.0
7.170917510986328 0.0
7.1624884605407715 0.0
7.163674831390381 0.0
7.139056205749512 0.0
7.142405033111572 0.0
7.0986328125 0.0
7.048274517059326 0.0
7.003823280334473 0.0
6.960205078125 0.0
6.918618679046631 0.0
6.878098487854004 0.0
6.835661888122559 0.0
6.835124492645264 0.0
6.806609630584717 0.0
6.755607604980469 0.0
6.719563961029053 0.0
6.689196586608887 0.0
6.667309284210205 0.0
6.622385501861572 0.0
6.578082084655762 0.0
6.539233684539795 0.0
6.540815830230713 0.0
6.508420467376709 0.0
6.467449188232422 0.0
6.420195579528809 0.0
6.399041652679443 0.0
6.289495944976807 0.0
6.2924485206604 0.0
6.289581775665283 0.0
6.297645568847656 0.0
6.296756267547607 0.0
6.274950981140137 0.0
6.236173152923584 0.0
6.215061187744141 0.0
6.17202615737915 0.0
6.136420726776123 0.0
6.11796236038208 0.0
6.0907440185546875 0.0
6.050515651702881 0.0
6.023863792419434 0.0
6.001262664794922 0.0
5.994933605194092 0.0
5.946844100952148 0.0
5.9166951179504395 0.0
5.885053634643555 0.0
5.852422714233398 0.0
5.830992698669434 0.0
5.8057780265808105 0.0
5.805731296539307 0.0
5.767397403717041 0.0
5.763380527496338 0.0
5.7235260009765625 0.0
5.723404407501221 0.0
5.693488121032715 0.0
5.670743465423584 0.0
5.649262428283691 0.0
5.617343902587891 0.0
5.604452133178711 0.0
5.463521480560303 0.0
5.452332496643066 0.0
5.451417922973633 0.0
5.442165851593018 0.0
5.452516555786133 0.0
5.428380489349365 0.0
5.394747257232666 0.0
5.391362190246582 0.0
5.389370918273926 0.0
5.35595178604126 0.0
5.33931303024292 0.0
5.319512367248535 0.0
5.287747383117676 0.0
5.268299102783203 0.0
5.2440409660339355 0.0
5.219385623931885 0.0
5.202952861785889 0.0
5.182952404022217 0.0
5.167576789855957 0.0
5.141965866088867 0.0
5.125465393066406 0.0
5.100971698760986 0.0
5.085687637329102 0.0
5.05816650390625 0.0
5.045343399047852 0.0
5.019162654876709 0.0
5.012045383453369 0.0
5.000830173492432 0.0
4.996389389038086 0.0
4.967055797576904 0.0
4.968851566314697 0.0
4.945863723754883 0.0
4.913430690765381 0.0
4.901724815368652 0.0
4.889957427978516 0.0
4.867855548858643 0.0
4.851702690124512 0.0
4.835272789001465 0.0
4.814599990844727 0.0
4.791076183319092 0.0
4.7780327796936035 0.0
4.759619235992432 0.0
4.746330261230469 0.0
4.729482173919678 0.0
4.656942844390869 0.0
4.630620002746582 0.0
4.635153770446777 0.0
4.639644145965576 0.0
4.64522123336792 0.0
4.650534152984619 0.0
4.654984951019287 0.0
4.6306633949279785 0.0
4.614218711853027 0.0
4.611159324645996 0.0
4.596537113189697 0.0
4.5725603103637695 0.0
4.55354118347168 0.0
4.54621696472168 0.0
4.523839950561523 0.0
4.518385410308838 0.0
4.504573345184326 0.0
4.491785526275635 0.0
4.481797695159912 0.0
4.453884124755859 0.0
4.446350574493408 0.0
4.439510345458984 0.0
4.429562568664551 0.0
4.406258583068848 0.0
4.400782585144043 0.0
4.3865647315979 0.0
4.362633228302002 0.0
4.363643646240234 0.0
4.3267292976379395 0.0
4.312257289886475 0.0
4.301022052764893 0.0
4.297057151794434 0.0
4.277407169342041 0.0
4.264283180236816 0.0
4.250720024108887 0.0
4.238187789916992 0.0
4.218458652496338 0.0
4.22409200668335 0.0
4.208803653717041 0.0
4.1963210105896 0.0
4.189962863922119 0.0
4.180076599121094 0.0
4.156810283660889 0.0
4.150223255157471 0.0
4.152774810791016 0.0
4.128899097442627 0.0
4.118156433105469 0.0
4.117093563079834 0.0
4.099730968475342 0.0
4.0925164222717285 0.0
4.072678565979004 0.0
4.072507858276367 0.0
4.057981967926025 0.0
4.055228233337402 0.0
4.043579578399658 0.0
4.013439655303955 0.0
4.014467716217041 0.0
3.986463785171509 0.0
3.982935667037964 0.0
3.9752590656280518 0.0
3.9734621047973633 0.0
3.9622926712036133 0.0
3.945282459259033 0.0
3.8717260360717773 0.0
3.861070394515991 0.0
3.845250129699707 0.0
3.848365306854248 0.0
3.8512187004089355 0.0
3.856339931488037 0.0
3.8648037910461426 0.0
3.862949848175049 0.0
3.8691744804382324 0.0
3.9134464263916016 0.0
3.919942855834961 0.0
3.924859046936035 0.0
3.927675485610962 0.0
3.933992862701416 0.0
3.9479942321777344 0.0
3.9462432861328125 0.0
3.9496121406555176 0.0
3.9514756202697754 0.0
3.960700035095215 0.0
3.966691255569458 0.0
3.959108352661133 0.0
3.968996524810791 0.0
3.965371608734131 0.0
3.987370252609253 0.0
3.970475196838379 0.0
3.980445146560669 0.0
3.9824469089508057 0.0
3.9908220767974854 0.0
4.001700401306152 0.0
4.011623859405518 0.0
4.323392868041992 0.0
4.3269500732421875 0.0
4.298929214477539 0.0
4.290064811706543 0.0
4.282032489776611 0.0
4.272268772125244 0.0
4.2540740966796875 0.0
4.254482269287109 0.0
4.249383926391602 0.0
4.2367119789123535 0.0
4.219793319702148 0.0
4.210000991821289 0.0
4.199940204620361 0.0
4.193907737731934 0.0
4.1816487312316895 0.0
4.162734031677246 0.0
4.166497707366943 0.0
4.160215377807617 0.0
4.152776718139648 0.0
4.134410858154297 0.0
4.119930267333984 0.0
4.118849277496338 0.0
4.106296539306641 0.0
4.110898017883301 0.0
4.111800670623779 0.0
4.1204142570495605 0.0
4.123059272766113 0.0
4.120454788208008 0.0
4.133886337280273 0.0
4.1448235511779785 0.0
4.135986804962158 0.0
4.14740514755249 0.0
4.145519733428955 0.0
4.152122974395752 0.0
4.156237602233887 0.0
4.157258987426758 0.0
4.164549350738525 0.0
4.149628639221191 0.0
4.1412200927734375 0.0
4.13690710067749 0.0
4.1381683349609375 0.0
4.150020122528076 0.0
4.151883125305176 0.0
4.15784215927124 0.0
4.155561447143555 0.0
4.164886951446533 0.0
4.167389869689941 0.0
4.169992446899414 0.0
4.179111480712891 0.0
4.183692455291748 0.0
4.185103416442871 0.0
4.198335647583008 0.0
4.204110622406006 0.0
4.202383041381836 0.0
4.216488361358643 0.0
8.043160438537598 0.0
8.03438949584961 0.0
8.017769813537598 0.0
7.995397567749023 0.0
7.980090141296387 0.0
7.963674068450928 0.0
7.944602966308594 0.0
7.926815032958984 0.0
7.9171247482299805 0.0
7.89497709274292 0.0
7.882986545562744 0.0
7.857757568359375 0.0
7.852015495300293 0.0
7.8463592529296875 0.0
7.777250289916992 0.0
7.778946876525879 0.0
7.780875205993652 0.0
7.803578853607178 0.0
7.771528720855713 0.0
7.762965679168701 0.0
7.756556034088135 0.0
7.753350734710693 0.0
7.724813461303711 0.0
7.72038459777832 0.0
7.709164142608643 0.0
7.678420066833496 0.0
7.66847562789917 0.0
7.6578826904296875 0.0
7.637574195861816 0.0
7.637717247009277 0.0
7.618923187255859 0.0
7.601205825805664 0.0
7.5898284912109375 0.0
7.5718536376953125 0.0
7.562631607055664 0.0
7.551072597503662 0.0
7.505551338195801 0.0
7.503557205200195 0.0
7.494698524475098 0.0
7.474917888641357 0.0
7.4772868156433105 0.0
7.450931072235107 0.0
7.441916465759277 0.0
7.4315185546875 0.0
7.421196460723877 0.0
7.412622928619385 0.0
7.403991222381592 0.0
7.391478061676025 0.0
7.380292892456055 0.0
7.365474224090576 0.0
7.355116844177246 0.0
7.344021797180176 0.0
7.3311357498168945 0.0
7.322962760925293 0.0
7.3037614822387695 0.0
7.300399303436279 0.0
7.286363124847412 0.0
7.269830703735352 0.0
7.266999244689941 0.0
7.242773056030273 0.0
7.227050304412842 0.0
7.223494052886963 0.0
7.216378211975098 0.0
7.201353073120117 0.0
7.186952590942383 0.0
7.132142543792725 0.0
7.103499412536621 0.0
7.118748664855957 0.0
7.122912406921387 0.0
7.112618923187256 0.0
7.10542631149292 0.0
7.1010894775390625 0.0
7.073183536529541 0.0
7.072910785675049 0.0
7.051772117614746 0.0
7.045389652252197 0.0
7.038642883300781 0.0
7.020726680755615 0.0
7.013417720794678 0.0
7.005647659301758 0.0
6.9945173263549805 0.0
6.969475746154785 0.0
6.978359222412109 0.0
6.964414119720459 0.0
6.961009979248047 0.0
6.940006732940674 0.0
6.928964138031006 0.0
6.913615703582764 0.0
6.905233860015869 0.0
6.901564598083496 0.0
6.878067493438721 0.0
6.880855083465576 0.0
6.86224889755249 0.0
6.85856294631958 0.0
6.840685844421387 0.0
6.837146282196045 0.0
6.830486297607422 0.0
6.817734718322754 0.0
6.806602954864502 0.0
6.795620918273926 0.0
6.79123067855835 0.0
6.787600994110107 0.0
6.769504547119141 0.0
6.752387046813965 0.0
6.748946189880371 0.0
6.738677024841309 0.0
6.732438564300537 0.0
6.714634418487549 0.0
6.714085578918457 0.0
6.709427356719971 0.0
6.697972774505615 0.0
6.689056396484375 0.0
6.676944732666016 0.0
6.665629863739014 0.0
6.658848285675049 0.0
6.647876739501953 0.0
6.639360427856445 0.0
6.622526168823242 0.0
6.617558479309082 0.0
6.612802505493164 0.0
6.600028991699219 0.0
6.590973377227783 0.0
6.588985919952393 0.0
6.578734874725342 0.0
6.5622076988220215 0.0
6.5195631980896 0.0
6.513240337371826 0.0
6.515872955322266 0.0
6.525354862213135 0.0
6.530458927154541 0.0
6.532718181610107 0.0
6.517034530639648 0.0
6.503192901611328 0.0
6.497612476348877 0.0
6.492247581481934 0.0
6.4721550941467285 0.0
6.477977275848389 0.0
6.46959924697876 0.0
6.463858127593994 0.0
6.455626487731934 0.0
6.445207595825195 0.0
6.44064474105835 0.0
6.430288314819336 0.0
6.427855491638184 0.0
6.423968315124512 0.0
6.421638011932373 0.0
6.399348258972168 0.0
6.386690139770508 0.0
6.378329753875732 0.0
6.377137660980225 0.0
6.362265586853027 0.0
6.369729995727539 0.0
6.350401401519775 0.0
6.344914436340332 0.0
6.32959508895874 0.0
6.329757213592529 0.0
6.3105645179748535 0.0
6.3027729988098145 0.0
6.299742698669434 0.0
6.287884712219238 0.0
6.28451681137085 0.0
6.26918363571167 0.0
6.26886510848999 0.0
6.259274482727051 0.0
6.253115653991699 0.0
6.234850883483887 0.0
6.240285873413086 0.0
6.226197719573975 0.0
6.218388557434082 0.0
6.2277069091796875 0.0
6.212529182434082 0.0
6.210411071777344 0.0
6.203887939453125 0.0
6.20142936706543 0.0
6.185454845428467 0.0
6.185152530670166 0.0
6.171609401702881 0.0
6.1754655838012695 0.0
6.159802436828613 0.0
6.154730319976807 0.0
6.1525373458862305 0.0
6.14164400100708 0.0
6.137829303741455 0.0
6.128483295440674 0.0
6.117423057556152 0.0
6.120199203491211 0.0
6.117852210998535 0.0
6.102889537811279 0.0
6.094958782196045 0.0
6.083113670349121 0.0
6.0837507247924805 0.0
6.078552722930908 0.0
6.076786518096924 0.0
6.0626044273376465 0.0
6.051217555999756 0.0
5.717310428619385 2000.0
5.672040939331055 2000.0
5.658935546875 2000.0
5.6545491218566895 2000.0
5.647720813751221 2000.0
5.625450611114502 2000.0
5.616917610168457 2000.0
5.618494987487793 2000.0
5.6142168045043945 2000.0
5.619080543518066 2000.0
5.623245716094971 2000.0
5.607194423675537 2000.0
5.604834079742432 2000.0
5.607893466949463 2000.0
5.608852863311768 2000.0
5.616088390350342 2000.0
5.6259074211120605 2000.0
5.627843856811523 2000.0
5.631497859954834 2000.0
5.6490797996521 2000.0
5.6500091552734375 2000.0
5.6735734939575195 2000.0
5.686138153076172 2000.0
6.343648433685303 0.0
6.346805572509766 0.0
6.358337879180908 0.0
6.380734920501709 0.0
6.385997772216797 0.0
6.412367820739746 0.0
6.437033176422119 0.0
6.4224090576171875 0.0
6.4114813804626465 0.0
6.412405490875244 0.0
6.412254810333252 0.0
6.43422794342041 0.0
6.445343971252441 0.0
6.467172145843506 0.0
6.483718395233154 0.0
6.514298915863037 0.0
9.32166862487793 0.0
9.317177772521973 0.0
9.305953979492188 0.0
9.302176475524902 0.0
9.28467082977295 0.0
9.280930519104004 0.0
9.279864311218262 0.0
9.26423454284668 0.0
9.269658088684082 0.0
9.263328552246094 0.0
9.24600887298584 0.0
9.243772506713867 0.0
9.23390007019043 0.0
9.22189712524414 0.0
9.206787109375 0.0
9.191579818725586 0.0
9.201674461364746 0.0
9.184988975524902 0.0
9.18112564086914 0.0
9.179289817810059 0.0
9.159345626831055 0.0
9.154217720031738 0.0
9.137872695922852 0.0
9.148154258728027 0.0
9.133722305297852 0.0
9.118063926696777 0.0
9.125431060791016 0.0
9.106698989868164 0.0
9.090665817260742 0.0
9.097702980041504 0.0
9.059563636779785 0.0
9.052017211914062 0.0
9.062447547912598 0.0
9.072998046875 0.0
9.066875457763672 0.0
9.06490421295166 0.0
9.057099342346191 0.0
9.060178756713867 0.0
9.04126262664795 0.0
9.040996551513672 0.0
9.025704383850098 0.0
9.017507553100586 0.0
9.022012710571289 0.0
9.007356643676758 0.0
9.000777244567871 0.0
8.996317863464355 0.0
8.99023723602295 0.0
8.981904029846191 0.0
8.973234176635742 0.0
8.965497016906738 0.0
8.956290245056152 0.0
8.958046913146973 0.0
8.955581665039062 0.0
8.935006141662598 0.0
8.937520027160645 0.0
8.916434288024902 0.0
8.903233528137207 0.0
8.903193473815918 0.0
8.886297225952148 0.0
8.888696670532227 0.0
8.883041381835938 0.0
8.883339881896973 0.0
8.864568710327148 0.0
8.857366561889648 0.0
8.847318649291992 0.0
8.855584144592285 0.0
8.854265213012695 0.0
8.843596458435059 0.0
8.837080001831055 0.0
8.82595157623291 0.0
8.826555252075195 0.0
8.813021659851074 0.0
8.819548606872559 0.0
8.80864143371582 0.0
8.794845581054688 0.0
8.789717674255371 0.0
8.799325942993164 0.0
8.788229942321777 0.0
8.783744812011719 0.0
8.775150299072266 0.0
8.76714038848877 0.0
8.75360107421875 0.0
8.765992164611816 0.0
8.744285583496094 0.0
8.747868537902832 0.0
8.738085746765137 0.0
8.735605239868164 0.0
8.728463172912598 0.0
8.67905330657959 0.0
8.66811752319336 0.0
8.701703071594238 0.0
8.845884323120117 0.0
8.887385368347168 0.0
9.085163116455078 0.0
9.078102111816406 0.0
9.070146560668945 0.0
9.064997673034668 0.0
9.076701164245605 0.0
9.069307327270508 0.0
9.102091789245605 0.0
9.147613525390625 0.0
9.163704872131348 0.0
9.150245666503906 0.0
9.158772468566895 0.0
9.194064140319824 0.0
9.24126148223877 0.0
12.649385452270508 0.0
12.655266761779785 0.0
12.629987716674805 0.0
12.6234130859375 0.0
12.625083923339844 0.0
12.620211601257324 0.0
12.635838508605957 0.0
12.698529243469238 0.0
12.757078170776367 0.0
12.819621086120605 0.0
12.873074531555176 0.0
12.947742462158203 0.0
13.003165245056152 0.0
13.067916870117188 0.0
13.12759017944336 0.0
13.1991605758667 0.0
13.197661399841309 0.0
13.25515365600586 0.0
13.32460880279541 0.0
15.132359504699707 0.0
15.116545677185059 0.0
13.971531867980957 0.0
13.972206115722656 0.0
13.961821556091309 0.0
12.47996711730957 0.0
12.470243453979492 0.0
12.481216430664062 0.0
12.46750545501709 0.0
12.45691967010498 0.0
12.458816528320312 0.0
12.44430160522461 0.0
12.46763801574707 0.0
12.540825843811035 0.0
12.603537559509277 0.0
12.672188758850098 0.0
12.680627822875977 0.0
12.752643585205078 0.0
12.815382957458496 0.0
12.895597457885742 0.0
12.96572208404541 0.0
13.045961380004883 0.0
13.124300956726074 0.0
14.946501731872559 0.0
14.946824073791504 0.0
14.993257522583008 0.0
13.820393562316895 0.0
13.806455612182617 0.0
13.791474342346191 0.0
13.784773826599121 0.0
13.781501770019531 0.0
13.791955947875977 0.0
13.788328170776367 0.0
13.86903190612793 0.0
13.960029602050781 0.0
14.05445671081543 0.0
14.127506256103516 0.0
14.228673934936523 0.0
14.326407432556152 0.0
14.411534309387207 0.0
14.410064697265625 0.0
14.49963092803955 0.0
14.817423820495605 0.0
14.825037002563477 0.0
14.814288139343262 0.0
14.807294845581055 0.0
14.85280990600586 0.0
14.850407600402832 0.0
14.951217651367188 0.0
15.061009407043457 0.0
15.161711692810059 0.0
15.269675254821777 0.0
15.38271427154541 0.0
15.493935585021973 0.0
25.73528480529785 0.0
25.73212432861328 0.0
25.724905014038086 0.0
25.703611373901367 0.0
25.703903198242188 0.0
25.683792114257812 0.0
25.679887771606445 0.0
25.671545028686523 0.0
25.663694381713867 0.0
25.645431518554688 0.0
25.64378547668457 0.0
25.631498336791992 0.0
25.612548828125 0.0
25.608661651611328 0.0
25.600969314575195 0.0
25.593597412109375 0.0
25.590808868408203 0.0
25.580005645751953 0.0
25.568008422851562 0.0
25.551651000976562 0.0
25.53673553466797 0.0
25.547548294067383 0.0
25.53485679626465 0.0
25.518478393554688 0.0
25.507017135620117 0.0
25.506113052368164 0.0
25.503368377685547 0.0
25.492168426513672 0.0
25.48435401916504 0.0
25.463533401489258 0.0
25.217668533325195 2000.0
25.201231002807617 2000.0
25.2069034576416 2000.0
25.206958770751953 2000.0
25.236825942993164 2000.0
25.433429718017578 0.0
25.413705825805664 0.0
25.407039642333984 0.0
25.39237403869629 0.0
25.401107788085938 0.0
25.39764404296875 0.0
25.371641159057617 0.0
25.37307357788086 0.0
25.357803344726562 0.0
25.350656509399414 0.0
25.360240936279297 0.0
25.34263038635254 0.0
25.33997917175293 0.0
25.341293334960938 0.0
25.313379287719727 0.0
25.31060218811035 0.0
25.303714752197266 0.0
25.31362533569336 0.0
25.294431686401367 0.0
25.29134750366211 0.0
25.282665252685547 0.0
25.2703914642334 0.0
25.269142150878906 0.0
25.26681900024414 0.0
25.25789451599121 0.0
25.248910903930664 0.0
25.242610931396484 0.0
25.238380432128906 0.0
25.232290267944336 0.0
25.234777450561523 0.0
25.22110366821289 0.0
25.221715927124023 0.0
25.208377838134766 0.0
25.21466064453125 0.0
25.200334548950195 0.0
25.197649002075195 0.0
25.181903839111328 0.0
25.180879592895508 0.0
25.183460235595703 0.0
25.17840576171875 0.0
25.162511825561523 0.0
25.161502838134766 0.0
25.150726318359375 0.0
25.146501541137695 0.0
25.144792556762695 0.0
25.134553909301758 0.0
25.140539169311523 0.0
25.1252498626709 0.0
25.126379013061523 0.0
25.123023986816406 0.0
25.125635147094727 0.0
25.107650756835938 0.0
25.108736038208008 0.0
25.10792350769043 0.0
25.10113525390625 0.0
25.08991813659668 0.0
25.091474533081055 0.0
25.07796859741211 0.0
25.081199645996094 0.0
25.08104705810547 0.0
25.076448440551758 0.0
25.081281661987305 0.0
25.060110092163086 0.0
25.066518783569336 0.0
25.05173683166504 0.0
25.047155380249023 0.0
25.050241470336914 0.0
25.056922912597656 0.0
25.051074981689453 0.0
25.03704071044922 0.0
25.04083824157715 0.0
25.035213470458984 0.0
25.036115646362305 0.0
25.025850296020508 0.0
25.02935791015625 0.0
25.008726119995117 0.0
25.020891189575195 0.0
25.012996673583984 0.0
25.013622283935547 0.0
25.013364791870117 0.0
25.003910064697266 0.0
25.00844383239746 0.0
25.00780487060547 0.0
25.000247955322266 0.0
24.991849899291992 0.0
24.995683670043945 0.0
24.990995407104492 0.0
24.98931312561035 0.0
24.992477416992188 0.0
24.978485107421875 0.0
24.97904396057129 0.0
24.980289459228516 0.0
24.98691749572754 0.0
24.975173950195312 0.0
24.97510528564453 0.0
24.969078063964844 0.0
24.965906143188477 0.0
24.98038101196289 0.0
24.962480545043945 0.0
24.97490882873535 0.0
24.958059310913086 0.0
24.96478271484375 0.0
24.973499298095703 0.0
24.960107803344727 0.0
24.952844619750977 0.0
24.956621170043945 0.0
24.96144676208496 0.0
24.958253860473633 0.0
24.967153549194336 0.0
24.959701538085938 0.0
24.96440887451172 0.0
24.958690643310547 0.0
24.963539123535156 0.0
24.95151710510254 0.0
24.960481643676758 0.0
24.956729888916016 0.0
24.95551872253418 0.0
24.950958251953125 0.0
24.946603775024414 0.0
24.954614639282227 0.0
24.95734405517578 0.0
24.948543548583984 0.0
24.94850730895996 0.0
24.949724197387695 0.0
24.9506893157959 0.0
24.954675674438477 0.0
24.955081939697266 0.0
24.950361251831055 0.0
24.94873046875 0.0
24.93370246887207 0.0
24.946144104003906 0.0
24.952350616455078 0.0
24.948368072509766 0.0
24.963090896606445 0.0
24.946866989135742 0.0
24.949758529663086 0.0
24.95421028137207 0.0
24.952775955200195 0.0
24.95097541809082 0.0
24.954702377319336 0.0
24.954118728637695 0.0
24.962627410888672 0.0
24.960453033447266 0.0
24.964664459228516 0.0
24.965349197387695 0.0
24.958019256591797 0.0
24.95771026611328 0.0
24.968494415283203 0.0
24.967424392700195 0.0
24.971437454223633 0.0
24.97066307067871 0.0
24.9788818359375 0.0
24.973201751708984 0.0
24.97309112548828 0.0
24.98082160949707 0.0
24.97587013244629 0.0
24.984119415283203 0.0
24.97869300842285 0.0
24.977628707885742 0.0
24.99126625061035 0.0
24.985261917114258 0.0
24.992633819580078 0.0
24.995361328125 0.0
24.993310928344727 0.0
25.000059127807617 0.0
24.99970245361328 0.0
24.999839782714844 0.0
25.0067138671875 0.0
25.016727447509766 0.0
25.01862335205078 0.0
25.01871681213379 0.0
25.03020477294922 0.0
25.020957946777344 0.0
25.037240982055664 0.0
25.02872657775879 0.0
25.026029586791992 0.0
25.041810989379883 0.0
25.034624099731445 0.0
25.03777313232422 0.0
25.04374885559082 0.0
25.043628692626953 0.0
25.05074691772461 0.0
25.061203002929688 0.0
25.05887794494629 0.0
25.067440032958984 0.0
25.0661678314209 0.0
25.067502975463867 0.0
25.071502685546875 0.0
25.085758209228516 0.0
25.08164405822754 0.0
25.07855796813965 0.0
25.079029083251953 0.0
25.09065055847168 0.0
25.10620880126953 0.0
25.113367080688477 0.0
25.113420486450195 0.0
25.117708206176758 0.0
25.120410919189453 0.0
25.127695083618164 0.0
25.131994247436523 0.0
25.13454818725586 0.0
25.14127540588379 0.0
25.135231018066406 0.0
25.148319244384766 0.0
25.153459548950195 0.0
25.16230583190918 0.0
25.155752182006836 0.0
25.166217803955078 0.0
25.16963005065918 0.0
25.177814483642578 0.0
25.194311141967773 0.0
25.18844985961914 0.0
25.181856155395508 0.0
25.198413848876953 0.0
25.204118728637695 0.0
25.205440521240234 0.0
25.222375869750977 0.0
25.216182708740234 0.0
25.222476959228516 0.0
25.234874725341797 0.0
25.241506576538086 0.0
25.24211311340332 0.0
25.255956649780273 0.0
25.25313377380371 0.0
25.26309585571289 0.0
25.272668838500977 0.0
25.283496856689453 0.0
25.27899742126465 0.0
25.295167922973633 0.0
25.290367126464844 0.0
25.306617736816406 0.0
25.3046932220459 0.0
25.3248291015625 0.0
25.333484649658203 0.0
25.34311866760254 0.0
25.335168838500977 0.0
25.3397274017334 0.0
25.356489181518555 0.0
25.364681243896484 0.0
25.36433219909668 0.0
25.368616104125977 0.0
25.382766723632812 0.0
25.395004272460938 0.0
25.40252685546875 0.0
25.409046173095703 0.0
25.421781539916992 0.0
25.407745361328125 0.0
25.426658630371094 0.0
25.433521270751953 0.0
25.441463470458984 0.0
25.459510803222656 0.0
25.470258712768555 0.0
25.48203468322754 0.0
25.477249145507812 0.0
25.487024307250977 0.0
25.48898696899414 0.0
25.515474319458008 0.0
25.518888473510742 0.0
25.526578903198242 0.0
25.526819229125977 0.0
25.52618408203125 0.0
25.544677734375 0.0
25.56218910217285 0.0
25.564464569091797 0.0
25.571090698242188 0.0
25.57353401184082 0.0
25.58551597595215 0.0
25.59845733642578 0.0
25.612123489379883 0.0
25.621774673461914 0.0
25.630807876586914 0.0
25.645999908447266 0.0
25.646493911743164 0.0
25.43490219116211 2000.0
25.426910400390625 2000.0
25.431629180908203 2000.0
25.451396942138672 2000.0
25.69767951965332 0.0
25.713899612426758 0.0
25.709665298461914 0.0
25.732473373413086 0.0
25.732460021972656 0.0
11.338844299316406 2000.0
11.307018280029297 2000.0
11.292746543884277 2000.0
11.28777027130127 2000.0
11.276201248168945 2000.0
11.271122932434082 2000.0
11.270983695983887 2000.0
11.28211498260498 2000.0
11.2950439453125 2000.0
11.312602996826172 2000.0
11.337262153625488 2000.0
11.339227676391602 2000.0
25.87152862548828 0.0
25.889070510864258 0.0
25.90290069580078 0.0
25.90561866760254 0.0
25.93189811706543 0.0
25.938365936279297 0.0
25.941450119018555 0.0
25.954177856445312 0.0
25.964431762695312 0.0
25.96925163269043 0.0
25.99149513244629 0.0
26.005056381225586 0.0
26.01632308959961 0.0
26.032228469848633 0.0
26.030683517456055 0.0
26.051706314086914 0.0
26.062496185302734 0.0
26.07469940185547 0.0
26.089126586914062 0.0
26.09994125366211 0.0
26.11671257019043 0.0
26.13775062561035 0.0
26.13055992126465 0.0
26.15115737915039 0.0
26.163976669311523 0.0
26.17737579345703 0.0
26.182252883911133 0.0
26.20085334777832 0.0
26.221723556518555 0.0
26.241565704345703 0.0
26.253145217895508 0.0
26.24686050415039 0.0
26.26923179626465 0.0
26.281152725219727 0.0
26.306121826171875 0.0
26.314306259155273 0.0
26.32695770263672 0.0
26.347286224365234 0.0
26.361671447753906 0.0
26.37605857849121 0.0
26.393842697143555 0.0
26.387609481811523 0.0
26.400089263916016 0.0
26.429811477661133 0.0
26.43719482421875 0.0
26.460006713867188 0.0
26.478900909423828 0.0
26.48918342590332 0.0
26.50123405456543 0.0
9.174530029296875 0.0
9.131707191467285 0.0
9.122554779052734 0.0
9.086984634399414 0.0
9.094970703125 0.0
9.145119667053223 0.0
9.108352661132812 0.0
9.060656547546387 0.0
9.022418975830078 0.0
8.993596076965332 0.0
9.005559921264648 0.0
9.008167266845703 0.0
8.99952507019043 0.0
8.808459281921387 0.0
8.822084426879883 0.0
8.647924423217773 0.0
8.609404563903809 0.0
8.615931510925293 0.0
8.67148208618164 0.0
8.65501880645752 0.0
8.658023834228516 0.0
8.661949157714844 0.0
8.66338062286377 0.0
8.67968463897705 0.0
8.684266090393066 0.0
8.69109058380127 0.0
8.69530200958252 0.0
8.696634292602539 0.0
8.7124662399292 0.0
8.711259841918945 0.0
8.719306945800781 0.0
8.705852508544922 0.0
8.72418212890625 0.0
8.72831916809082 0.0
8.742313385009766 0.0
8.743653297424316 0.0
8.73961353302002 0.0
8.751167297363281 0.0
8.751289367675781 0.0
8.755176544189453 0.0
8.763389587402344 0.0
8.78001880645752 0.0
8.764808654785156 0.0
8.788384437561035 0.0
8.792316436767578 0.0
8.801957130432129 0.0
8.806676864624023 0.0
8.811240196228027 0.0
8.817292213439941 0.0
8.82901382446289 0.0
8.832186698913574 0.0
8.830915451049805 0.0
8.842212677001953 0.0
8.859044075012207 0.0
8.857402801513672 0.0
8.857203483581543 0.0
8.871861457824707 0.0
8.88359546661377 0.0
8.874614715576172 0.0
8.878885269165039 0.0
8.889725685119629 0.0
8.907265663146973 0.0
8.906675338745117 0.0
8.913204193115234 0.0
8.924851417541504 0.0
8.924190521240234 0.0
8.926864624023438 0.0
8.942298889160156 0.0
8.939663887023926 0.0
8.945772171020508 0.0
8.953062057495117 0.0
8.958885192871094 0.0
8.972738265991211 0.0
8.981714248657227 0.0
8.98233699798584 0.0
9.017030715942383 0.0
8.977843284606934 0.0
8.982309341430664 0.0
8.980867385864258 0.0
9.034236907958984 0.0
9.04588508605957 0.0
9.042755126953125 0.0
9.059895515441895 0.0
9.0604887008667 0.0
9.07091999053955 0.0
9.085163116455078 0.0
9.077996253967285 0.0
9.09256362915039 0.0
9.100837707519531 0.0
9.10820198059082 0.0
9.122248649597168 0.0
9.131343841552734 0.0
9.133198738098145 0.0
9.139908790588379 0.0
9.152119636535645 0.0
9.165728569030762 0.0
9.164511680603027 0.0
9.169809341430664 0.0
9.187050819396973 0.0
9.174368858337402 0.0
9.187819480895996 0.0
9.201275825500488 0.0
6.418345928192139 0.0
6.406663417816162 0.0
6.377905368804932 0.0
6.3587727546691895 0.0
6.348054885864258 0.0
6.331455230712891 0.0
6.314103126525879 0.0
6.311654567718506 0.0
6.325141429901123 0.0
6.328847885131836 0.0
6.360876083374023 0.0
6.31986141204834 0.0
6.306271553039551 0.0
6.295016765594482 0.0
6.264970779418945 0.0
6.265684604644775 0.0
6.248434066772461 0.0
6.244078636169434 0.0
6.255728721618652 0.0
6.253471851348877 0.0
6.264591217041016 0.0
6.272973537445068 0.0
6.268282890319824 0.0
6.292950630187988 0.0
6.286196231842041 0.0
6.290533065795898 0.0
6.083076000213623 0.0
6.070105075836182 0.0
6.049691200256348 0.0
6.041128635406494 0.0
6.024092674255371 0.0
5.915224552154541 0.0
5.889529228210449 0.0
5.87421989440918 0.0
5.887857913970947 0.0
5.886208534240723 0.0
5.896455764770508 0.0
5.931209564208984 0.0
5.92973518371582 0.0
5.945953369140625 0.0
5.949899673461914 0.0
5.954446792602539 0.0
5.960366725921631 0.0
5.966497898101807 0.0
5.972812652587891 0.0
5.976977348327637 0.0
5.976032257080078 0.0
5.989477634429932 0.0
6.000709056854248 0.0
6.00966215133667 0.0
6.013875484466553 0.0
6.025140285491943 0.0
6.007808208465576 0.0
6.020508289337158 0.0
6.03020715713501 0.0
6.043981075286865 0.0
6.039042949676514 0.0
6.0450520515441895 0.0
6.058014869689941 0.0
6.061768054962158 0.0
6.066713333129883 0.0
6.074820518493652 0.0
6.084373474121094 0.0
6.084327697753906 0.0
6.097298622131348 0.0
6.107232093811035 0.0
6.114490509033203 0.0
6.115485191345215 0.0
6.128321170806885 0.0
6.115455627441406 0.0
6.1461052894592285 0.0
6.144678115844727 0.0
6.149023532867432 0.0
6.1615424156188965 0.0
6.163288593292236 0.0
6.165912628173828 0.0
6.174065113067627 0.0
6.1774091720581055 0.0
6.199975490570068 0.0
6.19819974899292 0.0
6.2215142250061035 0.0
6.206871509552002 0.0
6.215517044067383 0.0
6.21992826461792 0.0
6.238118648529053 0.0
6.252277851104736 0.0
6.252532005310059 0.0
6.262310981750488 0.0
6.275228500366211 0.0
6.264682769775391 0.0
6.269854545593262 0.0
6.2925705909729 0.0
6.30907678604126 0.0
6.303112983703613 0.0
6.308249473571777 0.0
6.320277214050293 0.0
6.325326442718506 0.0
6.322978973388672 0.0
6.346646308898926 0.0
6.346964359283447 0.0
6.3555121421813965 0.0
6.364870548248291 0.0
6.378077030181885 0.0
6.375539779663086 0.0
6.381624698638916 0.0
6.400495529174805 0.0
6.404132843017578 0.0
6.4064040184021 0.0
6.426290035247803 0.0
6.420093536376953 0.0
6.407195091247559 0.0
6.405905723571777 0.0
6.41955041885376 0.0
6.4764204025268555 0.0
6.481433868408203 0.0
6.496383190155029 0.0
6.498593807220459 0.0
6.508700847625732 0.0
6.517803192138672 0.0
6.5285515785217285 0.0
6.542073726654053 0.0
6.544349193572998 0.0
6.540175437927246 0.0
6.563514709472656 0.0
6.577844619750977 0.0
6.5731000900268555 0.0
6.593413352966309 0.0
6.584395408630371 0.0
6.609409809112549 0.0
6.6157636642456055 0.0
6.626237869262695 0.0
6.6360087394714355 0.0
6.633620738983154 0.0
6.647167682647705 0.0
6.655484199523926 0.0
6.6603803634643555 0.0
6.687255859375 0.0
6.66867208480835 0.0
6.6788482666015625 0.0
6.692027568817139 0.0
6.715863227844238 0.0
6.713367938995361 0.0
6.717042922973633 0.0
6.729897499084473 0.0
6.737452983856201 0.0
6.749756813049316 0.0
6.760335445404053 0.0
6.7721991539001465 0.0
6.782252311706543 0.0
6.7962260246276855 0.0
6.805323600769043 0.0
6.820250034332275 0.0
6.830735683441162 0.0
6.832660675048828 0.0
6.842567443847656 0.0
6.864096164703369 0.0
6.872625827789307 0.0
6.885548114776611 0.0
6.891730308532715 0.0
6.905630588531494 0.0
6.910390853881836 0.0
6.926330089569092 0.0
6.9334821701049805 0.0
6.95864200592041 0.0
6.945695877075195 0.0
6.974623203277588 0.0
6.9769744873046875 0.0
6.975787162780762 0.0
7.001827239990234 0.0
7.0027642250061035 0.0
7.021150588989258 0.0
7.049696445465088 0.0
7.029874801635742 0.0
7.021011829376221 0.0
7.012509346008301 0.0
7.0212931632995605 0.0
7.068941116333008 0.0
7.075122356414795 0.0
7.0898895263671875 0.0
7.096289157867432 0.0
7.115420341491699 0.0
7.12146520614624 0.0
7.133171558380127 0.0
7.150237083435059 0.0
7.158653259277344 0.0
7.158899784088135 0.0
7.170450687408447 0.0
7.180461883544922 0.0
7.193019390106201 0.0
7.213774681091309 0.0
7.216423988342285 0.0
7.232861042022705 0.0
7.242788314819336 0.0
7.253006935119629 0.0
7.26570463180542 0.0
7.2778544425964355 0.0
7.287848472595215 0.0
7.299546718597412 0.0
7.313119888305664 0.0
7.3389153480529785 0.0
7.340081214904785 0.0
7.352060794830322 0.0
7.373669147491455 0.0
7.3819379806518555 0.0
7.395698070526123 0.0
7.409839630126953 0.0
7.415639400482178 0.0
7.433197975158691 0.0
7.443106651306152 0.0
7.463361740112305 0.0
7.464489459991455 0.0
7.487508296966553 0.0
7.493786811828613 0.0
7.51590633392334 0.0
7.534350395202637 0.0
7.550507068634033 0.0
7.541409015655518 0.0
7.570428371429443 0.0
7.5699381828308105 0.0
7.5868120193481445 0.0
7.609786033630371 0.0
7.606537342071533 0.0
7.635982513427734 0.0
7.6457061767578125 0.0
7.652681827545166 0.0
7.646975517272949 0.0
7.647462844848633 0.0
7.654777526855469 0.0
7.74043083190918 0.0
7.740629196166992 0.0
7.762174129486084 0.0
7.775928497314453 0.0
4.067505359649658 0.0
4.070087432861328 0.0
4.056665897369385 0.0
4.047426700592041 0.0
4.046694755554199 0.0
4.042111396789551 0.0
4.043558120727539 0.0
4.038382530212402 0.0
4.024568557739258 0.0
4.0220818519592285 0.0
4.0163893699646 0.0
4.015645980834961 0.0
4.0038957595825195 0.0
4.000328063964844 0.0
3.993600368499756 0.0
3.9888851642608643 0.0
3.9871110916137695 0.0
3.98264741897583 0.0
4.000843048095703 0.0
4.012399196624756 0.0
4.033061981201172 0.0
4.022733688354492 0.0
4.017574787139893 0.0
4.020637035369873 0.0
4.015042781829834 0.0
4.001944541931152 0.0
4.0066237449646 0.0
3.9978792667388916 0.0
3.9842844009399414 0.0
3.985064744949341 0.0
3.980355739593506 0.0
3.976316213607788 0.0
3.964486598968506 0.0
3.9697489738464355 0.0
3.964109420776367 0.0
3.9570367336273193 0.0
3.9549434185028076 0.0
3.9736814498901367 0.0
3.9725470542907715 0.0
4.007041931152344 0.0
4.001960754394531 0.0
3.999297618865967 0.0
4.009989261627197 0.0
4.0321431159973145 0.0
4.032270908355713 0.0
4.042845249176025 0.0
4.041592121124268 0.0
4.058874607086182 0.0
4.072411060333252 0.0
4.073520183563232 0.0
4.083318710327148 0.0
4.089488506317139 0.0
4.106037616729736 0.0
4.111393928527832 0.0
4.12086296081543 0.0
4.133193492889404 0.0
4.1413655281066895 0.0
4.156632423400879 0.0
4.158685207366943 0.0
3.8434369564056396 0.0
3.8487203121185303 0.0
3.8456084728240967 0.0
3.8465230464935303 0.0
3.834460496902466 0.0
3.8467507362365723 0.0
3.838620662689209 0.0
3.8227498531341553 0.0
3.8220019340515137 0.0
3.820241928100586 0.0
3.8168065547943115 0.0
3.8148109912872314 0.0
3.8019864559173584 0.0
3.799044132232666 0.0
3.7907164096832275 0.0
3.795534133911133 0.0
3.7941489219665527 0.0
3.7855966091156006 0.0
3.775404930114746 0.0
3.7186527252197266 0.0
3.7122392654418945 0.0
3.7040889263153076 0.0
3.6978471279144287 0.0
3.700094223022461 0.0
3.6957826614379883 0.0
3.695465087890625 0.0
3.6950008869171143 0.0
3.7064898014068604 0.0
3.7761728763580322 0.0
3.767780065536499 0.0
3.777456283569336 0.0
3.7971479892730713 0.0
3.805216073989868 0.0
3.8115646839141846 0.0
3.825674295425415 0.0
3.823542833328247 0.0
3.8412790298461914 0.0
3.8510377407073975 0.0
3.8626785278320312 0.0
3.873579502105713 0.0
3.8855087757110596 0.0
3.882979393005371 0.0
3.8904387950897217 0.0
3.9056615829467773 0.0
3.9150214195251465 0.0
3.9234821796417236 0.0
3.9451324939727783 0.0
3.9550836086273193 0.0
3.959906578063965 0.0
3.9790048599243164 0.0
3.9813196659088135 0.0
3.9986069202423096 0.0
4.007911682128906 0.0
4.008998870849609 0.0
4.030970573425293 0.0
4.028802871704102 0.0
4.041364669799805 0.0
4.045365333557129 0.0
4.063835144042969 0.0
4.091592788696289 0.0
4.0992255210876465 0.0
4.106420993804932 0.0
4.1178669929504395 0.0
4.126241683959961 0.0
4.142519474029541 0.0
4.1491265296936035 0.0
4.159956455230713 0.0
4.171911716461182 0.0
4.191278457641602 0.0
4.200518608093262 0.0
4.215173244476318 0.0
4.218340873718262 0.0
4.23694372177124 0.0
4.243560791015625 0.0
4.24927282333374 0.0
4.272972583770752 0.0
4.286842346191406 0.0
4.301919937133789 0.0
4.305108547210693 0.0
4.321954727172852 0.0
4.327113151550293 0.0
4.341200828552246 0.0
4.3456950187683105 0.0
4.364260673522949 0.0
4.382989406585693 0.0
4.4110307693481445 0.0
4.418280124664307 0.0
4.436766147613525 0.0
4.44353723526001 0.0
4.462636947631836 0.0
4.477643013000488 0.0
4.500912666320801 0.0
4.498265266418457 0.0
4.4935622215271 0.0
4.490945816040039 0.0
4.4886884689331055 0.0
4.507931232452393 0.0
4.60609245300293 0.0
4.628712177276611 0.0
4.635927200317383 0.0
4.653790473937988 0.0
4.666989326477051 0.0
4.681959629058838 0.0
4.691056728363037 0.0
4.712222099304199 0.0
4.7206645011901855 0.0
4.739972114562988 0.0
4.771864414215088 0.0
4.754788875579834 0.0
4.772147178649902 0.0
4.794480800628662 0.0
4.808348178863525 0.0
4.827101230621338 0.0
4.845503807067871 0.0
4.8412933349609375 0.0
4.8647685050964355 0.0
4.874138355255127 0.0
4.890476703643799 0.0
4.907549858093262 0.0
4.921206951141357 0.0
4.944238185882568 0.0
4.9603681564331055 0.0
4.977494716644287 0.0
5.024621486663818 0.0
5.04215669631958 0.0
5.052155494689941 0.0
5.077852249145508 0.0
5.090587139129639 0.0
5.118319034576416 0.0
5.128448486328125 0.0
5.162827014923096 0.0
5.1681084632873535 0.0
5.195262432098389 0.0
5.22339391708374 0.0
5.23392915725708 0.0
5.240943908691406 0.0
5.259933948516846 0.0
5.27677059173584 0.0
5.302566051483154 0.0
5.316285610198975 0.0
5.315908908843994 0.0
5.310671329498291 0.0
5.318758010864258 0.0
5.304295539855957 0.0
5.322363376617432 0.0
5.424177169799805 0.0
5.444458484649658 0.0
5.468325138092041 0.0
5.503811836242676 0.0
5.52565860748291 0.0
5.538251876831055 0.0
5.528822898864746 0.0
5.560488224029541 0.0
5.589879512786865 0.0
5.614382266998291 0.0
5.636682987213135 0.0
5.65790319442749 0.0
5.6943039894104 0.0
5.712165355682373 0.0
5.737158298492432 0.0
5.7677435874938965 0.0
5.785726547241211 0.0
5.828516006469727 0.0
5.826265335083008 0.0
5.85015869140625 0.0
5.8756608963012695 0.0
5.906402111053467 0.0
5.937081813812256 0.0
5.963038921356201 0.0
5.990826606750488 0.0
6.017786026000977 0.0
6.0510711669921875 0.0
6.081391334533691 0.0
6.120102882385254 0.0
6.104672431945801 0.0
6.13081693649292 0.0
6.118530750274658 0.0
6.134710311889648 0.0
6.160775661468506 0.0
6.298040866851807 0.0
6.333779335021973 0.0
6.371032238006592 0.0
6.408734321594238 0.0
6.436851501464844 0.0
6.441346645355225 0.0
6.47541618347168 0.0
6.499289512634277 0.0
6.516500949859619 0.0
6.560115814208984 0.0
6.583521366119385 0.0
6.625086784362793 0.0
6.688409805297852 0.0
6.73005485534668 0.0
6.720877170562744 0.0
6.76600980758667 0.0
6.805222988128662 0.0
6.841446399688721 0.0
6.88831901550293 0.0
6.920577049255371 0.0
6.961891174316406 0.0
6.989700794219971 0.0
6.985132217407227 0.0
6.982738494873047 0.0
6.9858622550964355 0.0
6.9973931312561035 0.0
15.583023071289062 0.0
15.572113037109375 0.0
15.561064720153809 0.0
15.560824394226074 0.0
15.5508451461792 0.0
15.5465669631958 0.0
15.542425155639648 0.0
15.536580085754395 0.0
15.523419380187988 0.0
15.513374328613281 0.0
15.50196361541748 0.0
15.502542495727539 0.0
15.498295783996582 0.0
15.496291160583496 0.0
15.473945617675781 0.0
15.478927612304688 0.0
15.477930068969727 0.0
15.465937614440918 0.0
15.458993911743164 0.0
15.458820343017578 0.0
15.455142974853516 0.0
15.438302993774414 0.0
15.432995796203613 0.0
15.428858757019043 0.0
15.428449630737305 0.0
15.417825698852539 0.0
15.412680625915527 0.0
15.408208847045898 0.0
15.401519775390625 0.0
15.390425682067871 0.0
15.388108253479004 0.0
15.370912551879883 0.0
15.374436378479004 0.0
15.374127388000488 0.0
15.364760398864746 0.0
15.35040283203125 0.0
15.357880592346191 0.0
15.34948444366455 0.0
15.338831901550293 0.0
15.348711013793945 0.0
15.33542251586914 0.0
15.32785415649414 0.0
15.322478294372559 0.0
15.314997673034668 0.0
15.31137752532959 0.0
15.301873207092285 0.0
15.292950630187988 0.0
15.290937423706055 0.0
15.280409812927246 0.0
15.284021377563477 0.0
14.942212104797363 2000.0
14.920064926147461 2000.0
14.921348571777344 2000.0
14.924903869628906 2000.0
14.906303405761719 2000.0
14.899958610534668 2000.0
14.921854972839355 2000.0
14.949844360351562 2000.0
14.942770004272461 2000.0
15.24357795715332 0.0
15.22197437286377 0.0
15.219989776611328 0.0
15.2210054397583 0.0
15.222613334655762 0.0
15.214208602905273 0.0
15.207287788391113 0.0
15.202985763549805 0.0
15.199962615966797 0.0
15.190770149230957 0.0
15.195466995239258 0.0
15.182984352111816 0.0
15.178279876708984 0.0
15.187479972839355 0.0
15.172575950622559 0.0
15.167644500732422 0.0
15.162278175354004 0.0
15.162043571472168 0.0
15.161687850952148 0.0
15.151573181152344 0.0
15.15231704711914 0.0
15.147305488586426 0.0
15.143743515014648 0.0
15.13953971862793 0.0
15.131102561950684 0.0
15.12657642364502 0.0
15.127547264099121 0.0
15.120110511779785 0.0
15.116067886352539 0.0
15.112513542175293 0.0
15.114336013793945 0.0
15.115232467651367 0.0
15.100247383117676 0.0
15.09693717956543 0.0
15.099475860595703 0.0
15.10824966430664 0.0
15.080506324768066 0.0
15.085126876831055 0.0
15.084219932556152 0.0
15.075723648071289 0.0
15.074654579162598 0.0
15.074188232421875 0.0
15.062886238098145 0.0
15.068611145019531 0.0
15.069690704345703 0.0
15.073113441467285 0.0
15.069984436035156 0.0
15.058076858520508 0.0
15.060210227966309 0.0
15.03968334197998 0.0
15.053851127624512 0.0
15.045370101928711 0.0
15.048542022705078 0.0
15.039234161376953 0.0
15.041967391967773 0.0
15.035721778869629 0.0
15.041678428649902 0.0
15.04347038269043 0.0
15.022828102111816 0.0
15.026989936828613 0.0
15.02944564819336 0.0
15.016234397888184 0.0
15.017362594604492 0.0
15.016745567321777 0.0
15.007694244384766 0.0
15.005120277404785 0.0
15.0137939453125 0.0
15.013988494873047 0.0
15.004448890686035 0.0
14.997384071350098 0.0
15.003767967224121 0.0
15.001620292663574 0.0
14.996614456176758 0.0
14.999431610107422 0.0
14.996822357177734 0.0
14.993603706359863 0.0
14.98523998260498 0.0
14.98803424835205 0.0
14.984099388122559 0.0
14.985991477966309 0.0
14.988842010498047 0.0
14.977517127990723 0.0
14.983692169189453 0.0
14.978527069091797 0.0
14.976455688476562 0.0
14.978377342224121 0.0
14.972757339477539 0.0
14.97294807434082 0.0
14.980487823486328 0.0
14.975570678710938 0.0
14.965372085571289 0.0
14.964442253112793 0.0
14.959238052368164 0.0
14.962721824645996 0.0
14.96955680847168 0.0
14.962773323059082 0.0
14.96352767944336 0.0
14.96218490600586 0.0
14.95793628692627 0.0
14.967073440551758 0.0
14.963776588439941 0.0
7.1783246994018555 0.0
7.173585891723633 0.0
7.183669090270996 0.0
7.181741237640381 0.0
7.182597637176514 0.0
7.1847968101501465 0.0
7.173850059509277 0.0
7.181824684143066 0.0
7.178345203399658 0.0
7.183122634887695 0.0
7.175809383392334 0.0
7.307290554046631 0.0
7.29679536819458 0.0
7.29860782623291 0.0
7.306138515472412 0.0
7.296707630157471 0.0
7.301826000213623 0.0
7.299846649169922 0.0
7.306176662445068 0.0
7.306737899780273 0.0
7.294251918792725 0.0
7.296352386474609 0.0
7.301696300506592 0.0
