-3.1106685483780456 -0.41775202403545547 0.0002693808560640652 0.00031170616649211765 0.0 658 1
-3.26316884101363 -0.42443635118296885 0.0001915355745491009 0.0002815645581486945 0.0 454 1
-3.2127344737797547 -0.7961292798464529 0.0001138391335779165 0.00026212521283811203 0.0 324 1
-4.8528374287124745 -3.954523747746757 0.00019808344095274827 0.0003021837282244685 0.0 299 1
4.686060030099696 -3.953820180041579 0.00026713648809216587 0.00011518328193093312 0.0 215 1
3.3532867432845923 -0.7695593643092468 5.3392901655222456e-05 0.0001958596944637082 0.0 247 1
3.430131330066811 -0.38477159943728206 0.0002827049240643807 0.0002452063692044403 0.0 394 1
3.389220389053274 -0.7573455501942781 0.0002007633767497898 0.0003172117826485455 0.0 434 1
3.30662196832259 2.037042687670673 2.2861665795627855e-05 0.0002954202136018235 0.0 342 1
3.439746151348834 2.0371793880979596 6.780347648658986e-05 0.00031262130035169416 0.0 348 1
-3.1969814510204486 8.042790742504696 0.00018840863334558175 4.060804884696163e-05 0.0 58 1
-3.303220988348307 1.9975014585092834 6.982512636114295e-05 0.00018873822615743583 0.0 310 1
-7.328677243478917 -0.01174660602686481 5.5490515764646235e-05 0.0008374095140561238 0.0 153 1
3.3767006563109483 2.4101063339980158 3.241869336012756e-05 0.00033047122621716483 0.0 324 1
3.3397792695468085 2.4120076133095614 5.0782390729037866e-05 0.0003165379442774222 0.0 388 1
-3.1893489955337464 2.365806290175298 0.00038012910311416965 0.00012499534701997946 0.0 404 1
-3.171458712579942 -0.8027887752399112 0.00017082640957186235 0.0002362696960783131 0.0 553 1
3.3037979888491376 -0.3870554431020298 0.0002517489067567631 0.0001669586916186726 0.0 617 1
-3.1287960681009213 5.013957672822396 0.00018984460208688414 0.000312487237640736 0.0 194 1
4.699441019970682 -7.9557032255209865 0.00021189294788573045 0.00028693495997214103 0.0 109 1
7.332831445701945 0.006066139034894678 6.125549873462e-05 0.0007369434672875874 0.0 156 2
3.3023336214633168 8.082454762029947 0.00023659686532338846 0.00014213317670649423 0.0 367 7
3.083687275732959 4.709837121297097 0.00019781598958921212 0.00031933130425088833 0.0 98 17
-14.94788258677343 2.893663681469618 2.804982405364156e-06 0.0003948194416689698 0.0 14 18
-14.950885842923276 2.8562136879969753 3.499372911772006e-08 2.0508865713607308e-05 0.0 4 18
4.427678386633471 -8.038637692134335 4.130866768618817e-05 0.00020794195614395834 0.0 5 25
-4.860272385064278 -9.526324273424034 5.9819454868755005e-05 0.0002506607159298813 0.0 24 55
14.951159821168416 1.889212453262981 1.52353434441762e-05 0.0005188313824617738 0.0 46 147
14.950510752639817 1.8343493214971065 2.1459256556294522e-05 0.00016316400675617807 0.0 42 147
-3.313475806944652 5.007542490289467 0.0003288586748594013 0.00039237571164226485 0.0 182 230
7.455635215227114 -0.2471210384111182 0.0 0.0 0.0 1 234
-7.4030653959668795 -0.3794269508484638 0.00017851556592599397 1.3691450349845687e-05 0.0 3 243
-3.1998377847674595 5.389098204286885 0.0004169312570494379 0.00036983792449591806 0.0 243 246
-7.192188979084405 -0.4581150278094516 0.00025604000945137596 7.757536084781848e-07 0.0 2 255
7.134526393107184 -0.36180212386850497 9.30184325921545e-05 0.00024973384878305174 0.0 4 260
3.7659213739815245 11.88132277902565 0.00012256081974703346 0.00017855638811389203 0.0 23 268
-8.709324330437399 -4.606297533335342 6.117861610922358e-05 1.8006034018125902e-05 0.0 3 325
12.413161500184856 6.4266797612516315 1.4144193693378359e-05 0.0001444899696616197 0.0 28 346
14.909682904849467 6.461604055058826 1.2696662515712206e-05 0.00014233446962805805 0.0 20 354
4.334764627965288 11.858211508575115 0.0009368919520997832 0.00022730535212222552 0.0 15 360
7.178820331168904 0.3203375008247067 0.0 0.0 0.0 1 365
-3.191916813544906 8.43263932195143 0.00048360501299308503 0.00013272637549677745 0.0 225 371
4.3905456132554 13.219630520147916 0.0001488546825541888 0.000407876143810647 0.0 224 380
3.8578421203819704 13.246765027444868 3.238494378316393e-05 9.777284564457292e-05 0.0 466 380
3.874500091442643 13.228266752049182 0.0002319284595622348 0.0001309587339529536 0.0 78 380
3.3516817636380574 5.40858971990884 0.0002510883957305337 7.032418580533535e-05 0.0 149 392
3.4412366705736552 5.030189018183715 5.382405682037583e-05 7.03433477372245e-05 0.0 71 392
3.301507833336659 2.6093993010684593 0.00034979371155382047 4.637408161078707e-05 0.0 312 396
3.4264631856277568 2.6072290369043714 0.00046125550505441316 5.760987815442227e-05 0.0 159 396
-3.122899708569124 2.5952509495959797 0.00017811053012414818 0.00018277338134170009 0.0 415 406
-3.273434000794419 2.6006374612401046 0.00015992338561750263 0.00034191587713090836 0.0 185 406
-7.175223839090076 0.2668871214247377 1.1724332018217686e-05 1.042663142550807e-08 0.0 2 407
14.950719838492615 2.1382589978594675 6.289029438413241e-06 0.00014532416467741773 0.0 39 418
14.951079697214713 2.0840340051414596 1.2463334991272192e-05 0.0004484091113931369 0.0 57 418
14.951093344449653 6.292460375555635 0.000153501678736827 0.00020087582957515777 0.0 406 419
4.917289651284702 11.841377517533049 0.00016396795344855166 0.000300191220515998 0.0 136 420
4.755165693589097 13.245865804648858 0.0 0.0 0.0 1 437
-7.461308915795421 8.074126586933355 0.0 0.0 0.0 1 437
-7.330501591101502 7.542914004514597 3.422666223659388e-05 0.0005153533308790571 0.0 80 438
2.834232835190925 5.408395708554901 0.00037657319746636677 5.478081238940092e-06 0.0 5 445
3.863330037011087 14.3162249254591 4.180538927769856e-05 0.0001190122388614501 0.0 244 457
3.8247068777079725 14.318264348403716 1.3970588681435541e-05 0.00016225489215562113 0.0 234 457
7.324369739640269 7.546725789376127 3.363560267187068e-05 0.000528443192373492 0.0 81 461
7.165701407947763 8.062630477760463 0.0 0.0 0.0 1 468
7.167635709773553 7.2696190000018825 6.030975252319366e-05 6.171771147816772e-10 0.0 2 468
3.3775122376003006 8.447198809991832 3.7348175728486906e-05 2.2328413789936486e-05 0.0 109 472
3.3406820984859285 8.44756201905212 6.578288216492995e-06 2.388064868220182e-05 0.0 127 472
4.389287388345717 14.289109124652724 0.0005024800813564034 0.00032059137622996554 0.0 79 478
7.177153875534647 14.767421075365952 1.4006417628896481e-05 9.559260549014926e-06 0.0 6 489
-14.951305980853864 3.16482498765764 0.0003072341070236837 0.00046380263113681065 0.0 47 500
3.426503193470169 5.607061256748205 0.0003902151860687614 6.092241588182819e-05 0.0 157 513
7.4322463067674125 8.045104954084497 0.00017849718395607187 0.00020774211225691488 0.0 7 513
3.295435358812755 5.605482349961087 0.0002837028085149898 6.88102887847605e-05 0.0 288 513
-3.123175228635145 5.593999039078964 0.00022932536560599806 0.0001649762760252085 0.0 415 519
-3.276080326165831 5.585623549070161 0.00015490999621983428 0.000399273853760775 0.0 222 519
12.498236459847979 19.88346718235699 0.0002137329360701786 0.0005405224634219147 0.0 444 535
-7.083591746226009 8.07215967596709 0.00015317816949663956 2.8593282262784235e-07 0.0 2 541
-14.951282086069252 14.906983450720034 3.828035179238636e-05 0.0005085965885177993 0.0 65 546
-14.941132852003694 24.962166472855483 0.00011455082446893974 0.00020466856101858372 0.0 816 572
12.481552462757369 12.898317857672053 2.6515427971795545e-05 0.0004876974386640116 0.0 179 575
12.46617383030432 12.972002929328708 0.00022204092494863787 0.0005410719621805836 0.0 74 575
4.901032365102337 12.034912257475057 5.528267649265641e-05 0.0005145477938068955 0.0 19 612
3.424647522389635 8.641911633707277 0.0001771727784487897 0.00012087370507384259 0.0 198 628
3.2902444090431957 8.63814009651981 0.00029920758420485735 0.00012192080044236918 0.0 296 628
4.828812945636765 12.29502007714333 3.574969636007955e-05 0.0005859143495291668 0.0 7 629
-3.273987387538077 8.624573162306966 0.0001929519555912561 0.00034074962576588393 0.0 205 633
-3.118139493037575 8.62699277191934 0.0001802280651027244 0.00026109456651579767 0.0 343 633
4.8541481220201055 24.966087752960558 0.000402421294318319 0.00010202991062451248 0.0 23 646
4.919976179628145 24.955965034272204 0.0004911422531484757 8.866542105557916e-05 0.0 228 646
3.8577195598948313 11.638750480887932 1.0021571289984708e-07 9.702742303564763e-05 0.0 5 654
-5.912363750515509 24.959207292629873 0.00047963889653003327 0.0001417540543968463 0.0 431 678
-5.861096286389662 25.002588564670205 0.0002851209834162061 0.0004893993269654318 0.0 230 678
-5.951764577059511 24.695342457932547 0.00027922970149914873 0.0004936461295176317 0.0 15 695
4.907326382660353 13.42020733468056 4.065129911848309e-05 0.00023421616006420672 0.0 10 696
4.835550521004584 13.678136483057258 4.114984287818343e-05 0.0002293499938503631 0.0 7 698
3.8615811179791373 13.035077036993826 1.703043454281658e-05 0.00026997436823261484 0.0 6 709
3.8557706464040677 13.015015365575799 6.932463780837544e-08 3.7770457943406573e-07 0.0 2 709
5.003004491834221 24.69710423134047 0.0006929536382742524 0.00037769615633489496 0.0 44 718
12.21782022405386 24.960966763795394 0.000843662361669348 8.748866512484275e-05 0.0 4 720
12.471279147126529 24.946581383905727 0.00035375357073159176 0.00023799133168558224 0.0 731 729
4.351180857884956 14.467757545146394 6.532493362596224e-05 0.0005928103924443885 0.0 25 749
-14.9464370328646 15.170866369504688 7.232330562803333e-05 0.0009026651814729578 0.0 55 763
3.843945198042658 14.153075879397887 0.0003800306800350331 0.0005248239226976711 0.0 39 765
3.845672694815947 12.61492191742636 0.000126012457963272 0.0001395918876140713 0.0 352 780
3.868772349224762 12.630281777894469 7.777401822994267e-05 0.0001321778880970156 0.0 275 780
4.381392346273616 12.64372172117156 0.00022191075139058644 0.0005306829837493299 0.0 198 822
-7.335428634142747 15.048541795510713 1.447567232169437e-05 0.0006058116799614226 0.0 14 830
-7.180838025173731 14.183136901730062 0.0 0.0 0.0 1 840
-7.347106843339108 15.2045922917832 0.00040710679243331717 0.00031340176036914746 0.0 10 845
4.922585247607183 12.633555681697617 0.0004551255279428144 0.00025971480430576064 0.0 25 853
3.8302274781882315 15.085747431778033 9.554910762665e-05 0.0002431420371169543 0.0 335 873
4.375352410869076 14.040735558102435 0.0004193558633947117 0.00047067514456581704 0.0 104 875
-4.0070014262532725 2.6335109312209903 0.0 0.0 0.0 1 883
3.8664361967144534 14.00975486570442 0.00014531139757832992 0.00019703053381816358 0.0 179 885
3.8286229449981692 14.005729482825975 9.024136498626821e-05 0.00019514960988894743 0.0 145 885
7.331485631542215 14.951211338769031 0.00015294950932052563 0.000673488087383057 0.0 209 886
4.3630966571401615 15.100253372096311 0.00019158009012826708 0.0003599664223713087 0.0 384 909
4.895921188784965 15.095107622679006 0.00020055515497164564 0.00021751459047109783 0.0 289 930
7.3404764425173985 15.25131087233127 0.0 0.0 0.0 1 932
4.806023020417425 14.733077329795318 0.0 0.0 0.0 1 936
4.7030519422575034 14.076696555489157 0.00034368156177229993 0.00010136232958242346 0.0 3 966
12.174072336706683 12.988441354639402 0.00022596119955750287 0.0002458546276243715 0.0 37 1026
12.212238845495191 19.90123348669774 0.00012179826742878486 0.0006365335444320036 0.0 6 1033
1.300044346744412 -3.981206058724567 2.600601748475236e-05 9.604336995892142e-07 0.0 3 1060
12.54742173583226 13.154642629980172 2.5927228317693196e-05 2.9310849155082916e-06 0.0 3 1060
12.488056554505285 13.085027747267343 0.00017126415891126082 0.0005919607725145528 0.0 152 1060
4.290973572998587 8.650932683978091 0.0 0.0 0.0 1 1085
4.283230907248617 8.581884364387744 0.0 0.0 0.0 1 1085
14.950243049851649 -13.843899906534784 7.945407938557037e-05 0.0001476506919588703 0.0 639 1096
5.119743325935778 24.939677896401466 0.00040644777080375507 0.00013766372437568666 0.0 202 1110
5.182471734506311 24.964829233728423 0.0001840009487865916 1.884989439633404e-05 0.0 179 1110
14.677583300226884 -13.900877485566768 0.0001018618104744165 9.25255882228232e-05 0.0 88 1117
4.500784572569748 13.88696949503821 0.00011382055511291042 0.00017622223492589416 0.0 3 1121
5.065600614661243 13.837480035940493 0.0 0.0 0.0 1 1141
5.037211164042106 14.022419474944085 0.0005447859608934031 0.00021945139132605387 0.0 230 1143
7.618448166591161 15.244133006858444 0.00015773260500645615 1.7111910651100738e-07 0.0 2 1219
7.768038624626691 15.618189245811694 0.00038280864698625325 3.4563084060364986e-05 0.0 23 1219
6.738727272624954 7.741264831760806 0.0005858938636513759 0.0003128286618800475 0.0 89 1224
4.145370723196668 14.121513607281935 5.758606475527562e-06 0.000655385779023306 0.0 3 1225
3.9816328005920556 14.915670649530982 9.140324461459901e-05 0.0002586254282979903 0.0 12 1225
4.049372059003252 14.62572655427634 3.568157228199634e-05 0.0003968478560675812 0.0 2 1233
6.836294405977175 8.61563839175744 0.00032458191108967197 4.4066932434771994e-05 0.0 47 1239
4.4913908950618096 14.960857777281307 2.7664516038838026e-05 0.0005931339031930348 0.0 12 1255
-14.86734963296083 25.151304749784615 2.7929695083745238e-06 2.4240980516727377e-05 0.0 35 1259
7.522933035939073 14.948313668128655 0.00017401993700329172 0.0006403982594477171 0.0 50 1263
5.018079926501748 15.289283899641697 0.0 0.0 0.0 1 1264
6.72607274020368 0.2548735513346805 0.0002394950336191015 5.142745967818371e-06 0.0 3 1270
7.9550799058943 15.23841244538207 2.695851830735133e-06 1.2465553679018557e-06 0.0 2 1299
7.786413006687905 7.599333499964016 0.00024124065018015113 8.607097510113309e-05 0.0 86 1303
4.537927342138979 12.37923371726105 0.0 0.0 0.0 1 1305
4.011583960337281 12.42904957207054 2.460217862981583e-05 0.00046642215069449207 0.0 3 1314
4.0659762229532 12.130094176360945 0.0 0.0 0.0 1 1316
6.9687136424766205 7.7320193420025465 0.00013424561336775398 3.454537325074798e-05 0.0 84 1326
5.059985536011154 12.816402686718545 0.0 0.0 0.0 1 1327
5.064016856622938 12.817819236223851 0.0 0.0 0.0 1 1327
5.0292617632265735 14.288405325945996 1.9088522736249805e-05 0.00015945625229431482 0.0 173 1358
5.067416149435459 14.292604531951408 3.882528085441153e-05 0.0001814775890253708 0.0 178 1358
7.654233841350163 14.731813710599777 0.0004784937165208316 3.60507856501174e-05 0.0 126 1379
6.588610583304709 -7.26878394518281 0.0003416438869057392 0.00011305058976087282 0.0 13 1385
6.900581859913358 2.561907729936463 0.00015092062187241356 3.970032926607323e-05 0.0 206 1390
5.062876489503492 13.208925966988607 3.143584549032477e-05 4.100769564277849e-05 0.0 163 1393
5.066412345555465 13.223972509468465 5.713876583737861e-05 0.00011662518271442763 0.0 119 1393
6.857585257968156 -7.290287431712502 0.00019551323073510444 6.94099891393769e-05 0.0 12 1422
15.181280393159984 -13.797653591571803 0.00011619768836439345 4.3970590037425705e-05 0.0 11 1423
6.831796723776174 8.224634620545826 0.0003043171037000884 3.839996570500376e-05 0.0 152 1427
6.883619052292744 8.201007682422409 8.341767775680263e-05 2.6071469452142357e-06 0.0 7 1427
7.595620303764432 8.247831699641264 0.0 0.0 0.0 1 1432
6.647791792085717 5.523231593803652 0.00016446150013512407 0.00024059286877059957 0.0 6 1461
6.909518613502809 5.564918796009353 3.416876935388864e-05 4.7440985645396904e-05 0.0 106 1465
6.698913482130709 -14.758744633888355 0.00020114451715898452 0.00027613475300241914 0.0 492 1478
7.6571371059199755 0.23356968953877186 0.0003063410065794358 3.7795823898659176e-05 0.0 81 1480
7.65924997162949 -0.44152608110125163 0.00011307771782190055 5.2315815445352176e-05 0.0 46 1480
6.810964776102989 5.189944258321663 9.205987791201662e-05 2.509098546805113e-05 0.0 76 1486
6.842638986321213 5.189477989702941 2.656449436021513e-05 2.4982046141784684e-05 0.0 99 1486
7.042220358140832 7.405929330936402 0.0001766734232671716 0.00041985300350628167 0.0 15 1493
4.530080899307847 11.781280871789322 1.320980276324044e-05 0.0005566246049956636 0.0 58 1493
4.53417095125139 13.122593427320616 8.888149782802513e-05 0.000742959243194525 0.0 46 1510
14.946301087569928 -7.879707194350455 5.8132330867158173e-05 0.0005692896275336808 0.0 91 1523
6.7236157600306115 8.025798730087661 5.913045411813175e-05 3.249915210199417e-05 0.0 21 1529
7.621394081232059 8.02876450809444 5.460169882956487e-07 8.507728363744732e-05 0.0 2 1530
7.685174359778202 7.263089787738168 0.0001681992289345774 0.0004536919387267811 0.0 43 1536
4.62643916668442 14.268556819556789 7.3615123203576685e-06 0.00012134849161431187 0.0 2 1539
6.845529282166355 2.1892451882800152 6.017250905686768e-05 5.102690725732771e-05 0.0 33 1544
6.8263817733175784 2.1899095879804427 0.00029383018655020364 2.7223745224275037e-05 0.0 167 1544
14.674250591503558 2.0982747249349485 5.9803353542873494e-05 4.9417665403510643e-05 0.0 11 1552
7.9301058877961115 7.435907192196353 2.2908241725699016e-05 0.00013490569409055402 0.0 10 1553
3.9983496910510077 11.78683887773956 0.0 0.0 0.0 1 1587
6.696527478093572 -3.9822200667756804 6.663711003087951e-05 0.0001545827349318206 0.0 171 1596
7.974537716642859 7.240576865957505 0.0 0.0 0.0 1 1596
6.720820882035252 4.995032631943401 0.00018335204469829022 7.066157278776929e-05 0.0 96 1603
6.894020537439843 4.997105001566706 9.24638498625398e-05 9.482358094491827e-05 0.0 65 1603
7.648665180674874 -7.265709909882214 0.0002669680975314705 3.49341883126705e-05 0.0 63 1620
7.035899619838952 -3.72117792849713 0.0001523035049466885 0.00030460704606133143 0.0 43 1644
7.526108368451331 -0.04976227382582202 4.6751469796110244e-05 0.0005079676344149308 0.0 34 1649
6.834660445811274 -0.8072256313385687 0.0001541861649940175 0.0001878707223413665 0.0 56 1671
6.7175584032107185 1.9952990957551304 8.853014978913586e-05 0.00017122406591954246 0.0 82 1673
1.072113337517384 -3.8811962696920936 8.075970066091327e-05 0.00033250208353846985 0.0 6 1685
14.686346433200278 1.853279399936236 0.00028882071862629125 0.00016270361584917487 0.0 9 1701
14.670080684058181 -7.904172391421141 0.0003312501330635581 0.00014143088758641754 0.0 8 1704
7.076020708867949 -3.9951217823134613 0.0002500885385689132 3.9874676847886555e-07 0.0 2 1721
6.70675746554708 -0.26466331171128527 0.00025615978399940055 0.00015523643122442902 0.0 49 1723
6.966080673160523 -0.26547394080220654 0.00012674719496928271 0.00010716994748343763 0.0 88 1727
7.536585852784894 -7.588127042883616 0.00018475502952489033 0.0003719301784083873 0.0 62 1737
6.893006904837199 -1.0021121766126881 6.348254668263249e-05 0.00013753928932047806 0.0 51 1739
6.71823673007395 -1.0018065099913869 0.00013544167795971165 0.00015980510193895067 0.0 77 1739
6.831243094643686 -0.6269403650295821 0.00048057151309021794 0.00020682836520742855 0.0 51 1767
12.607536513201289 6.2816598711649885 0.0005842344284918965 3.8787606043200026e-05 0.0 27 1828
7.786424328215426 -14.899096992549918 0.0002638059535588863 9.322075138145187e-05 0.0 99 1850
7.625938721640854 -1.0026162750661198 0.0005989707086670226 0.00025648435353134896 0.0 24 1852
7.652586856633601 -0.25959074672456983 0.0006131083369534203 0.00015367311988469766 0.0 16 1859
14.941705688403864 -8.130931820953487 1.6141392650282446e-05 0.0007343359657185175 0.0 116 1860
14.931727933371873 -8.233977996247377 0.0 0.0 0.0 1 1860
14.567448448640546 -8.043128493158255 0.00017677793512035035 0.0002966890473620973 0.0 12 1862
6.672299830479478 -7.78767764637467 4.106620282297403e-05 1.0933421241154188e-05 0.0 27 1878
6.700909107866412 -7.769173040079407 6.20484505341738e-05 5.162412118302064e-05 0.0 226 1878
11.137693726401526 -13.833061431225598 0.0 0.0 0.0 1 1884
10.930845317215937 -13.401077841168933 0.00044762553961395833 0.00017624688385189818 0.0 19 1884
7.656340817383631 -7.769505340803761 0.00038577018769840984 3.9070211771971565e-05 0.0 88 1893
11.087958091145731 -16.177702049690563 0.00045675525546055607 8.255791858077528e-05 0.0 129 1896
6.555630775947332 -1.1890961920713936 0.0 0.0 0.0 1 1906
11.087271368005855 -18.736204394545336 0.0004519085662211158 4.7135533896410496e-05 0.0 137 1922
6.634113141760408 7.229699480634194 0.0 0.0 0.0 1 1939
11.143157888866332 -14.207926452835974 0.0002154548538223223 8.508928601605322e-05 0.0 91 1948
11.306912578915254 -16.16510008908077 0.00023050951015675405 9.038008217182743e-05 0.0 15 1950
11.194898935957582 -20.96892406363791 0.0003186271343648453 0.00016393528413915733 0.0 22 1953
6.466525853294893 2.0037514699494627 0.0 0.0 0.0 1 1968
10.756777337186136 -13.57728662359745 0.0002238654472232262 0.0005188224722255509 0.0 3 1972
11.189347398362138 -16.554704960454362 5.312674011648718e-05 1.5251080527138782e-05 0.0 23 2001
11.137242589393752 -16.55654749760685 0.0001478554752530667 3.551747252284544e-05 0.0 75 2001
14.951265751786606 -16.184580907365785 9.45547752570421e-07 6.764808250859455e-05 0.0 49 2003
14.95314536383492 -14.208248604858177 0.0 0.0 0.0 1 2011
8.128084928172614 -24.970691886339782 2.7244881077734597e-06 7.106525691807109e-06 0.0 8 2019
8.102771157191832 -24.96558360516806 0.00015202589409102569 1.6526814760167873e-05 0.0 65 2019
11.096656313193757 -14.40895499536732 0.0003199711219778237 3.8899430824423535e-05 0.0 102 2025
11.210680040986869 -14.41989919710199 0.00030211285607200235 0.00011304151718068272 0.0 93 2025
14.951117883053598 -14.425171784322684 1.2513983273539103e-05 0.00018024451846827038 0.0 47 2028
7.668977839933189 -15.20795350843749 9.074646232121331e-05 0.0004314024284051798 0.0 24 2033
6.701892235749944 -15.265814848583044 0.0001141445868155738 4.5432212051027956e-05 0.0 127 2039
7.272397102533301 24.93039398930506 0.00016292545370327812 8.326618193144979e-07 0.0 6 2042
14.946940483177563 -18.74387683040452 3.479212683114785e-05 0.00031772233127377864 0.0 48 2048
15.138702437771464 6.248211244540253 0.00023323755769167386 6.271379485009592e-05 0.0 6 2050
7.9306451622422 -15.067588776887927 0.0 0.0 0.0 1 2050
11.184466511026411 -19.11107616105739 0.0001100093940536416 8.4477977232854e-06 0.0 21 2055
11.135545664678116 -19.11124967499548 0.00015506505292798488 6.7485566387500245e-06 0.0 64 2055
14.949295450637862 -16.558034530806196 0.0 0.0 0.0 1 2056
11.219378382932389 -16.755073003267295 5.0064304318738625e-05 2.283566854276679e-05 0.0 44 2068
11.088652658627664 -16.753359981842426 0.00011977383993644325 5.354019841827523e-05 0.0 87 2068
7.972075466859572 -24.683728814520972 0.0002589738213393674 8.635906300662905e-05 0.0 24 2070
14.948661015059818 -16.76506716661662 2.0955882417570254e-06 1.2624030616630902e-05 0.0 50 2070
11.169555502969143 -21.35386555263308 0.00015238374684018873 0.00010388885828317545 0.0 42 2091
11.122354726448089 -21.349081159428927 0.00010771027449711339 1.642303308411227e-05 0.0 41 2091
14.948987518712736 -20.979266108829894 8.547648420794666e-07 2.4162568662715915e-05 0.0 32 2093
14.947198045129685 -19.113465377789574 3.0296325396118313e-07 5.506197377232555e-05 0.0 2 2098
10.846680541985874 -21.37321404746445 0.00023243381612066716 0.0006976696180427235 0.0 23 2102
10.963891621450411 -20.97439531691824 0.0003830535672214049 2.268369840027815e-05 0.0 10 2103
13.55961238211919 -24.966829962218977 0.00010652561108451924 2.397444095937688e-05 0.0 3 2106
11.094974676346945 -19.31314585182431 0.00024456940571864215 0.00023430062874719293 0.0 138 2110
11.224225821578015 -19.309221787519512 0.0003007828592091778 0.0002495285040827054 0.0 102 2110
14.942273706494468 -19.31256806959865 0.00010890952564340047 0.0003213861991735065 0.0 69 2112
13.691131682344203 -24.488285028024237 0.00012925616278566392 0.0003427305104223019 0.0 5 2117
13.92962603159998 -24.277255443902465 0.0004063763579376576 2.0024407839897643e-05 0.0 3 2117
13.479856606150584 -24.660164011027266 0.0 0.0 0.0 1 2117
10.757217744415586 -20.972004518109475 0.0 0.0 0.0 1 2126
14.948355981036514 -21.35655857179004 3.1518910550381947e-07 4.7438604560349186e-05 0.0 2 2134
14.936165697631763 -24.00042359163576 3.572556785669954e-05 0.0005211153598570621 0.0 34 2134
10.707536264217653 -21.164097492907786 0.0005455478183153679 0.00027484598808441373 0.0 67 2139
11.210871445580056 -21.541317371552747 0.0001734178772178095 0.00030750596699402513 0.0 116 2147
-14.968149273287803 -24.841121844832013 4.405788363698905e-05 0.0008419304801402527 0.0 5 2147
14.950313245908768 -21.591760571545567 3.706939130190906e-05 0.0006787975095242507 0.0 96 2149
14.929686096808219 -24.35354401979692 3.146468696526522e-05 0.0008054884297615959 0.0 63 2151
6.709244937537506 -21.97366802018702 6.484492214752664e-05 3.409122454285877e-05 0.0 59 2152
14.92951205119062 -24.799994790705654 5.812813238018708e-05 0.00024960709571511476 0.0 4 2158
-4.498350458353744 -22.05677606467479 0.0001735334435855016 0.0010686070670471867 0.0 12 2159
10.812532086023692 -21.53532422999752 7.7955113502751e-05 0.00028929083973312406 0.0 78 2161
1.1299120856435547 -21.92783405244575 0.00038950373640709787 0.00025124354215771435 0.0 60 2163
14.924893238687797 -25.016429298987752 0.00020714046606991625 0.0003560075413905386 0.0 69 2181
-8.82390886912563 -22.558122860975534 0.00011330068426352699 0.0004071696813929991 0.0 263 2190
7.84936787218858 -24.95942858309521 6.552860994654596e-05 0.0002754180308823743 0.0 13 2200
7.87781817068102 -24.94737156688119 0.0002481349915901713 9.351281527986953e-05 0.0 60 2200
11.107217410606616 -21.153935384805283 4.3642062013455426e-05 9.796678494758168e-05 0.0 86 2225
-9.906085696005883 -24.94878709992823 0.00047343920344110877 4.469510400792647e-05 0.0 167 2229
1.068683986923135 -16.248898461996006 0.00014081536718442132 7.848364248630803e-05 0.0 7 2242
1.0743185544078608 -16.225976357135437 6.903012622710029e-07 6.679506357252978e-05 0.0 2 2242
14.941147880438585 -24.540413473187314 4.316577922878034e-05 0.0005783225228142279 0.0 24 2248
14.936416365409034 -24.592706824341033 5.536912097762784e-05 7.005997176525719e-05 0.0 93 2248
14.931924052065623 -24.613153569580238 8.087834092928186e-05 0.00014208659854650157 0.0 95 2248
14.950847018502186 -23.79984334466555 6.578004113593794e-06 5.9762154671735875e-06 0.0 2 2253
14.930802887122814 -23.802702086767855 9.212369399917404e-06 4.70960545871338e-06 0.0 5 2253
14.91134824909793 -23.80245954667454 0.0003051746076556005 1.4483272356772755e-05 0.0 2 2253
4.601543600851309 -21.95654186276488 0.00022275012390304307 4.922269187085346e-05 0.0 8 2254
4.497702680716588 -22.21797493923927 0.0007305173003263909 4.9645998777553796e-05 0.0 11 2254
4.662980538604809 -8.16687252958109 0.00016153053375158864 0.00022038284695311233 0.0 5 2295
-14.615994194534544 -24.947612294237036 0.0004508537958548677 7.914643843240683e-05 0.0 229 2303
-4.870445342135242 -21.95716615904229 3.0092500509186453e-05 3.1580989940992365e-05 0.0 93 2320
-0.942175391509772 -21.97230451310369 0.00035571299989685455 0.00011128071942501669 0.0 209 2350
-4.85686078900243 -9.756294507279378 0.0 0.0 0.0 1 2353
-0.9122645232297777 -15.239364457905625 4.22520055638886e-05 0.00020480417819701972 0.0 16 2376
-4.620713872327294 -22.22635917024943 0.0 0.0 0.0 1 2405
-6.905148884359935 -21.974593662859263 0.0004924885199275347 1.26374280184804e-05 0.0 72 2477
-6.878094767917795 -15.250511246309896 0.00016480810532660699 2.0119079074659132e-05 0.0 31 2482
-10.006634643335975 -24.675299171673984 0.0006005701126233074 8.405164984522079e-05 0.0 25 2491
-6.871165096236775 -7.752907474645457 7.905013036525308e-06 1.0583350149127576e-05 0.0 5 2507
-14.638309983460337 -24.70327150540012 0.0003864973972626392 0.00019700291628095193 0.0 9 2516
-10.091587268346935 -24.946555913863595 0.0002269318130728438 5.611962754916095e-05 0.0 163 2535
-10.130105863168389 -24.948386022447924 0.00017281156489384728 3.085371579191622e-05 0.0 27 2535
-14.950257798316185 -10.122715202444091 4.017508247179128e-06 0.0006757553490164546 0.0 21 2546
-10.867088931238012 -22.570146155644554 0.0001318893040330812 2.5464137936341123e-05 0.0 32 2551
-10.844481711338087 -17.830586044594124 5.243714767868065e-05 0.00035994744895765464 0.0 15 2587
-11.106608844085011 -17.81627787952956 0.00022301997114500564 1.0336277959637287e-05 0.0 17 2614
-10.842339604593642 -17.531537605637677 3.220843551095187e-05 0.00011923600857928707 0.0 41 2673
-10.843274634247186 -17.582882659456768 8.461402485469621e-05 0.00047579375743438536 0.0 54 2673
-11.084694981930777 -17.572757548206155 0.0003604173946963962 7.057917951023266e-05 0.0 46 2689
-14.70035379606747 -10.11546655624355 0.0005503582222659944 1.4408571347161805e-05 0.0 22 2724
-6.740503393271061 14.75915403472235 0.0007735412641302212 0.00011399791612091158 0.0 96 2747
-14.94946265431257 -9.83192799982187 2.256224119483433e-06 0.00010674407983749129 0.0 13 2810
-14.949422529947899 -9.882937036406757 4.490569371876112e-06 0.00033758565839400224 0.0 23 2810
-6.68210214042578 7.257253747191529 0.00014192207545599944 5.356909334400278e-06 0.0 2 2821
-14.697667174753919 -9.864896325749667 0.00041591721626915923 2.7858430956463945e-05 0.0 22 2838
-6.572247350045727 5.036418871015974 0.00010863950663178503 5.3603787702051706e-05 0.0 93 2845
-7.542814951356147 0.10299921463224022 0.00019762583567526447 0.00018420267901044223 0.0 25 2862
-7.681666457303277 -0.24192301000065858 0.00014752322107674712 0.00031495771681809375 0.0 5 2864
-7.649114899525344 7.259032266046394 0.00014923136660685544 6.578848914240334e-05 0.0 33 2866
-6.766087290624773 -0.23811693744698173 4.409727505748178e-05 0.00014336645852041055 0.0 69 2879
-6.656774691604113 -0.5925234660215247 0.00033201908405080263 0.00016602114918443534 0.0 135 2879
-6.571638302990067 2.0324717878737966 7.654400569543484e-05 9.090917958926159e-05 0.0 91 2886
-6.5741010578095205 -0.23923530251380382 0.0001465366077706676 0.00013138019750364924 0.0 60 2891
-6.706622646960535 -0.9664296557823041 1.877654380875476e-05 0.00015504494023444834 0.0 59 2892
-6.575870328934956 -0.9666865627270734 7.65505301069913e-05 0.00015751004102147403 0.0 60 2892
-8.05191718529275 -0.06393412895334263 0.00014441341590406653 0.00024629981258967026 0.0 10 2897
-6.823661376846211 0.032646674492364705 6.449777851572965e-06 3.850651463612552e-05 0.0 2 2900
-6.930357627799656 0.3555249453991538 8.434637050728056e-05 0.00020434539854013293 0.0 4 2904
-10.847592070076642 -4.546925588297044 0.00020211066816845687 8.014104841574264e-05 0.0 71 2914
-11.215365951635217 -4.408795918801606 7.83480834118746e-05 0.0005517143195401226 0.0 16 2914
-6.637685214847541 2.406495888565708 5.4692463903270626e-05 0.00010682618618630191 0.0 71 2918
-6.67248289901375 2.4111886546413546 3.2534703042462135e-05 0.0001135360621754914 0.0 77 2918
-14.700398215628251 2.8934224345387305 0.00037898090931635415 7.107944697409118e-05 0.0 20 2939
-7.200946142858499 -3.764912158966162 0.00020009575412254746 0.0002065896171187664 0.0 16 2941
-6.8610961730185815 -3.950283619105993 8.553467507010521e-05 0.00015138070173859034 0.0 125 2945
-6.634995073649691 5.405951128279241 6.341480177785301e-05 0.0002755570792013676 0.0 74 2963
-6.670284209085379 5.412391667706505 1.9625688466751408e-05 6.333787092190775e-05 0.0 73 2963
-0.9044053423696519 -3.965563485819982 4.1880783618807246e-05 0.00036368858918450975 0.0 22 2971
-14.718728475588057 24.985761400279927 1.35755703000363e-05 1.3165642212078589e-07 0.0 6 2975
-15.166166049685211 -24.911996878696748 0.000365397343950334 3.879978640891859e-06 0.0 8 2975
-7.848906379577269 0.3791191695660963 1.7906626380126682e-05 9.619593619278963e-05 0.0 2 2979
-7.542945052321111 7.616574155364227 0.00013287040828293778 0.00015785755228435433 0.0 22 2982
-6.860555860273589 -3.646253650378873 2.2069946354768354e-06 8.548248037748102e-05 0.0 2 2985
-7.650963187436599 14.768437918936181 0.0002611403605230078 2.2070708460834594e-05 0.0 38 2988
-8.082900703794307 0.2665386873251122 0.0001637802734748643 5.361675187928206e-05 0.0 10 2989
-1.2274773379198223 -3.9666463786632553 0.0 0.0 0.0 1 2998
-14.574980443250567 3.0392867093110847 8.273329771818082e-05 0.00019107240992855917 0.0 10 3013
-8.041862407668349 7.428591799722839 0.00022932931120072422 0.00041015175215439246 0.0 13 3018
-6.586193120881347 2.6093587477143787 0.00024669780623666623 9.331874236418833e-05 0.0 62 3020
-6.713269779138098 2.6076626162963095 0.00035222126377730507 7.444014998482275e-05 0.0 74 3020
-6.860931077840057 -7.229967769337259 0.00016671840961959665 5.2803289335442184e-05 0.0 133 3023
-6.6568200915698315 2.233796700286856 0.00015723637799262738 0.0001270094741406698 0.0 45 3044
-6.666345585273622 8.457499270450663 0.000229368986328317 0.0002783545927790004 0.0 45 3047
-6.7208893901647615 5.615683342687833 3.945833415246201e-05 0.0003005476715032766 0.0 28 3058
-6.589362886098156 5.612749955282598 0.00013033608934111634 0.00018965255721934077 0.0 56 3058
12.304853358464356 25.18965447170991 1.0307084941978488e-05 4.513160161768729e-06 0.0 3 3064
-6.579868105795512 8.090649349142314 6.16524746885489e-05 0.0002938438164223121 0.0 10 3065
-6.7066374547657865 8.091163783379208 2.4450294514509546e-05 0.00029660247636648427 0.0 9 3065
-6.823606357538248 7.507897097161076 0.0 0.0 0.0 1 3066
-7.810231624516359 7.905348607080274 0.0 0.0 0.0 1 3074
-14.636461945276778 14.916482792538751 0.0 0.0 0.0 1 3081
-6.766518974851292 7.766306731016921 0.00022175915179540668 0.00011090141214033453 0.0 82 3082
-8.096202848165861 7.767056217954089 1.955460613025832e-05 2.8537181785006686e-05 0.0 3 3083
-7.540458453174754 15.089989301219942 0.00017969516519165864 0.0003419867931198308 0.0 46 3085
-6.585601303496156 8.643172358440777 0.00021509802925927777 0.00013814435753947972 0.0 65 3091
-6.723458612748911 8.64031881665735 0.00019598614921524844 0.0001269894701002755 0.0 63 3091
-6.512898562054284 7.765921454068684 0.0002075395349391526 0.00015454757172985383 0.0 33 3091
-6.125299952906515 24.976256392714763 0.00010699468606532445 9.283964668055993e-05 0.0 7 3099
-6.089890891531072 24.95896879720767 0.00028203977379385493 0.0001254739435239239 0.0 85 3099
-6.727792907371637 0.2726427738466137 0.0004351999978008042 4.253734453152212e-05 0.0 12 3108
-7.656808278576694 0.27622647039876547 0.0 0.0 0.0 1 3123
-7.074751884221662 -7.2674159105624785 0.00017468470862783576 6.441213290444528e-05 0.0 16 3164
12.54864003817151 24.76376517152155 5.286287423117224e-05 0.0002238987396950436 0.0 28 3164
-6.988465482118431 -14.74251957797647 9.856727941817197e-05 5.881659436726826e-05 0.0 2 3168
-7.667661263878702 15.251758365128838 0.00034104933838440275 2.3926656184403154e-05 0.0 19 3168
-8.089408275869639 15.5099983382962 0.00013647153071118216 0.0003208122029311979 0.0 6 3179
-6.251644204797366 14.171083168817766 0.0 0.0 0.0 1 3223
-6.682950041066514 14.102847990092002 0.0005741445408903097 0.0002669170495261234 0.0 18 3224
-6.088122092820202 13.688067857873687 0.0 0.0 0.0 1 3227
-5.994040214649271 13.225914560779739 0.0 0.0 0.0 1 3227
-5.611065736805182 14.107595601512662 0.0006624252604346256 0.0002522186927583386 0.0 23 3229
-6.747076377982964 15.24686251209436 8.842450617337277e-05 5.6925869624860955e-06 0.0 15 3233
-6.164912911533482 13.920360556963754 0.0 0.0 0.0 1 3233
-5.803310532936537 14.142112486410689 4.5922384531450236e-07 0.00013129352046764432 0.0 2 3249
-6.029076738535018 14.10254345030242 0.00019677939964858805 0.0002161475577471587 0.0 17 3255
-7.397229000780134 14.144161437049616 0.0 0.0 0.0 1 3262
-7.155770566079112 15.246894226292994 2.292830973161164e-05 9.30699627322484e-06 0.0 13 3264
-7.165917780911099 14.874838259893876 0.0 0.0 0.0 1 3265
-6.477402328700717 14.097842740643584 0.0 0.0 0.0 1 3273
-5.522437958926602 13.743881187460747 5.162037978570625e-06 0.00015185940929205073 0.0 2 3280
-7.1772535974477405 7.748408321324975 6.382301204397014e-05 3.6735487796257863e-06 0.0 4 3280
