-7.29365182699525 -0.16461384805028756 6.850029558947183e-05 0.000395675985419981 0.0 79 1
-3.1518961040091815 -0.5003236680099145 8.912102146817823e-05 0.00016934413880723327 0.0 71 1
-3.156951022660375 -0.7955250844033971 0.00015503847218980668 0.0003163943669234618 0.0 123 1
-2.799738739749354 -1.1115910478929483 0.00020120348886690004 0.0002271993024034608 0.0 105 1
-4.786898332989774 -3.9731950274435457 0.00048672165262647886 0.0002706591543558448 0.0 90 1
-4.8616049963062 -8.50797439744557 0.00020137144775572913 0.00012939275772102108 0.0 55 1
-4.872952775506341 -9.608473702612358 0.00020180948299624427 0.0002505381315156559 0.0 68 1
-0.9986864951607908 -3.724762197670877 0.0005428506841730608 0.00019457163278337455 0.0 127 1
4.6962317648051615 -8.02330918356107 5.1381770974886446e-05 0.00010051539036807434 0.0 57 1
4.640687591671067 -3.959354363120957 0.0001347681508331309 5.7372267302803676e-05 0.0 49 1
3.016493153334651 -1.0902675162247095 0.00017985858523276592 0.0001970645608396352 0.0 106 1
3.330833807644512 -0.9410170588216278 0.00023524167371735392 0.0003243244105343848 0.0 124 1
3.324725407236434 -0.4919035028405514 0.00023483330844854925 0.0004864339509660963 0.0 60 1
7.1804634321925205 -0.10765020689524613 7.761306332677715e-05 0.00022283450136061173 0.0 57 1
7.3010477125171445 0.13643942491507555 1.1482325590941379e-06 3.24032505129707e-05 0.0 41 1
14.612309386380057 1.8910047712412756 5.1244260316226426e-05 0.00017461395121697878 0.0 100 1
4.184506298712129 2.034913007641382 0.00023686358649926446 0.0004828831668928092 0.0 54 1
3.328294774050435 2.0442100383340063 4.4879846268018554e-05 0.0005164686842648973 0.0 91 1
3.327941890507256 2.41004062315826 5.091696112999285e-05 0.0003400440303802072 0.0 87 1
5.963563248129314 5.011092682908598 0.00041142572927970876 0.00023486650176664518 0.0 61 1
4.177045437605806 5.02960847638515 0.00016206069714009877 0.00044487474202414 0.0 78 1
3.000478370920618 4.726108471185665 0.00027802645626206145 0.00021882162514767848 0.0 104 1
3.4090143821827965 8.429345110674284 7.949627142187936e-05 2.5255624371214552e-05 0.0 41 1
-5.899636816382514 24.728856787525878 0.00022426827217065108 0.00011463045720951246 0.0 215 1
-3.1574527984755387 8.069810846581428 7.136978881094121e-05 0.00014509223818310373 0.0 86 1
-3.1664624550599236 5.38055382727206 0.00028005129019642735 0.00026311184765220966 0.0 108 1
-4.916474759923772 5.011733614297413 0.0002945148811761032 0.0003404597217003486 0.0 65 1
-3.1599965403090993 2.374326883354829 4.414570048119603e-05 0.00014463998827351026 0.0 85 1
-3.157913678658511 2.0069721397820395 4.834850869341585e-05 0.00015136763753920618 0.0 89 1
-14.610263848584523 2.9289614522573215 0.00017094539192392296 0.00013746225955071334 0.0 114 1
-7.1770185613477775 0.12427072571686962 2.681975825972144e-06 6.605095228340216e-05 0.0 41 1
-0.8199184726753203 -3.94098498169098 0.0005374419913305652 0.00015736767659692063 0.0 20 2
4.183724414215045 8.05903742239837 0.00028894911141818836 0.0001467835663780706 0.0 80 2
4.928954395023159 24.720089176392417 0.00026411989433836 0.00021513317475485208 0.0 224 2
-4.040442789043947 8.060579012213125 0.00031772959354571116 9.127665313021918e-05 0.0 53 2
-4.03132637985241 5.015288870262736 0.0005177060812918444 0.00021394898831334714 0.0 24 2
-4.930089977247642 1.999891894992256 0.00014337062993053021 0.00041064884874726507 0.0 15 2
1.0170883193496685 -3.944195011651818 0.0005265862417847229 8.047255524957258e-05 0.0 56 3
6.582545949062587 -3.9600752803818366 9.320073173702643e-07 7.238787687448554e-07 0.0 3 5
-3.174963825638024 8.42588143088622 0.0005334363452497114 0.00036561670399196014 0.0 116 9
5.099176104134929 4.999666714364513 0.0002613395045823528 9.527700789353677e-05 0.0 36 12
5.972312145345491 2.0078670676784944 0.00025889352362555606 9.717956419262793e-05 0.0 5 18
-6.758194132822968 -3.955874717035123 0.0002608553377494299 3.0628417819073385e-05 0.0 3 19
-7.032479421873505 -3.7229166276406978 0.0005746459366755638 7.317713177973231e-06 0.0 2 27
-1.0104148153749986 -3.934347093412319 0.0005440276567961424 8.71465927510132e-05 0.0 43 39
-6.11432057987301 24.672925312428877 0.00020082653683107472 0.00023227797587928355 0.0 43 42
-3.128184671557371 -0.9841866224383286 0.00030307304854892655 0.000331283874255462 0.0 44 43
4.706838756940579 24.762977239596125 0.00021326834013351775 0.00013189188513143405 0.0 36 43
3.3281381272880552 8.082574509905067 6.771661973511357e-05 0.0002209941481848858 0.0 55 44
-6.108605778169046 24.903973801496612 3.2169915172993184e-05 1.2673314972657985e-05 0.0 2 44
15.033592541930906 -7.793782109362731 2.7299395542274584e-06 0.00022044299949319188 0.0 4 53
14.650273136380042 2.198175539889566 4.6338717000244725e-06 3.5282386032746295e-05 0.0 2 54
14.693387890564013 -7.78747804112665 0.0 0.0 0.0 1 63
-3.1708178714926984 5.020448621178385 0.00012171240319071233 0.0005931857113345722 0.0 60 64
4.188084676670205 -0.38339810564630633 0.0003297512279208828 0.00024117306797009374 0.0 96 67
5.066362404766725 -0.3796145344564965 0.0002529204639410035 0.00028143392613854675 0.0 58 67
-4.958651051058348 8.031757607046208 0.0003534934607762648 0.0002846426804022988 0.0 20 68
-14.957765298618078 2.8042568705027344 0.0 0.0 0.0 1 72
-5.621245797315773 13.667040595217259 0.0003932514501385639 0.0002466197785994838 0.0 51 74
4.818221251209059 24.973851486903428 0.0 0.0 0.0 1 75
-4.026865531726542 -0.39721520271478267 0.0002201287581905186 0.0005618819393792611 0.0 83 75
5.990587080291831 -0.40711332713274023 0.00031805145215135463 0.0006531366273837414 0.0 69 79
7.184773149641028 0.2978472305027079 7.249467697100765e-05 0.0005579932320677696 0.0 15 83
14.948104065335714 2.0623679959430987 4.517640098642113e-05 0.0002730925344189756 0.0 74 85
12.405246730716437 6.355565572536116 0.00010654598220534751 0.0006913121669441583 0.0 9 85
-6.1443940806638455 13.672411546185186 0.00024641432534263486 0.00024295510279037514 0.0 83 85
-4.939160406328075 -0.39100563535592675 0.0003848074878352516 0.0002556648877950035 0.0 103 86
3.325135928553272 2.596908367021907 0.0004863980610550872 0.00016554740975958078 0.0 173 90
3.302436676341377 5.522000460385499 0.0005281934635607774 0.00033926911939498224 0.0 25 91
-5.820055137498373 -0.3851443857015153 0.0003785557642274336 0.00015513770462199269 0.0 87 91
-14.955848970203954 3.105980366529201 0.00031360132116872556 0.00032823023344351055 0.0 152 94
-14.61758262882616 3.11900270624141 0.0002242784111262338 0.0003347305219447012 0.0 122 97
-7.333848099072946 0.3443695406927647 0.0 0.0 0.0 1 105
5.0716837184156 2.5917991540468286 0.0004283673644909247 0.00030546071098897816 0.0 79 106
4.18313065288845 2.6049544579919433 0.0002574042283289374 0.0001373814527416289 0.0 74 107
5.973280481774591 8.043298864143985 0.00038244684824554644 0.0002861739600697997 0.0 43 107
-3.1396452594496256 8.583417169557006 0.000409309832397069 0.00032869795832837 0.0 26 107
-3.125709101803957 2.590190525169672 0.0002083566972034159 0.00027622401992162846 0.0 60 109
-7.180231579631354 7.634296401489303 1.2222316236189198e-05 7.29745080724219e-05 0.0 26 110
4.387696391996688 11.845113551394775 2.157244381378814e-05 2.703430171925483e-05 0.0 74 111
-4.0253850410871586 2.607643537445223 0.00029572887218591283 0.00020135132095364862 0.0 142 111
3.322551337665596 5.052672556462075 0.00012586764269771985 0.00036283683167398733 0.0 90 113
-7.1798913029567375 7.274526848222567 3.904701936496033e-06 4.007634318960363e-07 0.0 5 114
4.91795100394524 11.844946832010482 2.2794877630258678e-05 3.262787699975814e-05 0.0 67 115
12.416405348531589 10.739077961835648 2.6468641421592765e-05 0.0003954048238847208 0.0 103 116
7.298136004285641 7.649994502815459 6.509047583452484e-06 3.7574535136221966e-05 0.0 15 117
7.176800381574811 7.268570328390158 8.871063193118161e-06 8.427857840163032e-05 0.0 13 119
3.857899513383701 11.845094150000177 2.4931208305093615e-05 2.485089925546388e-05 0.0 66 119
5.992197709619021 2.580278268743175 0.0003358295917458392 0.00017248083399229748 0.0 103 120
-4.940894741183922 2.609605933926373 0.0004274486232707525 0.00013839344544982706 0.0 108 120
-5.817946198982052 2.6089903261498373 0.0004940748895263768 0.0001421750438342339 0.0 111 121
7.194067469899286 14.765040479791736 4.614625779036019e-05 2.1300659336449925e-05 0.0 5 122
-6.618548370448824 13.683142029483554 0.00043412135003168835 7.252798714620301e-05 0.0 107 126
12.486892937887598 19.93413126885514 2.847290240225957e-05 0.00034122091617994044 0.0 19 130
-2.8062502657199473 10.928714830873535 2.3022012718864564e-05 4.8849135125305814e-05 0.0 56 130
12.426428901004348 19.59790415695607 7.950472622311725e-05 0.0002532691115961644 0.0 284 131
3.8654760241290314 13.237444977032697 3.6928081563559356e-05 3.304905520729711e-05 0.0 71 132
3.8338492329848357 14.312123459076455 0.00013881921647963474 2.3749324284341817e-05 0.0 84 133
5.063852196382807 5.59526112017603 0.00027754942776653794 0.00020331319801803786 0.0 99 144
-14.604479954811051 14.939630221658545 8.50919619445289e-05 0.00044162494055139154 0.0 143 144
-4.027126570945702 5.609479989271077 0.00038186632034622597 0.00025986944151008113 0.0 171 144
4.1821286072666926 5.60075275689393 0.00028432423815355945 0.00016173244907578886 0.0 118 145
12.414105875366023 15.117132621606778 6.629347598850706e-05 0.00029729037632249874 0.0 95 145
-3.1268179073582227 5.5844056338737555 0.00029079883555965433 0.00025945869415721495 0.0 85 145
12.215189922091946 12.918533944176646 9.665476785164955e-05 0.00041106423588706617 0.0 103 151
-14.92655205507664 24.973284909320252 0.00014028790274073688 0.0002637657833838268 0.0 278 153
-4.929647555497582 5.608783707588934 0.0004011116927489175 0.0002057574029823834 0.0 95 153
-5.80458595156133 5.605040466250858 0.0002499761964223447 0.000260992616692865 0.0 66 155
5.983284121641754 5.583617146127774 0.000551914623155021 0.00027820684034758066 0.0 64 157
-5.600855372843139 14.030385551997941 0.0004786039387038517 0.00011199220299052919 0.0 20 160
4.395977816146453 13.23835163211213 3.7721822096296305e-05 1.8184292712323974e-05 0.0 35 170
3.316290361951266 8.63256224973595 0.0004179762597986552 0.00014948598545232563 0.0 107 176
-4.024160118734115 8.643212560449744 0.0004963142936628907 0.0002590244565176532 0.0 219 177
4.180308762147786 8.634473697450128 0.0004160015148354084 0.0001653760264048525 0.0 166 181
5.062661928638775 8.628698651154448 0.0003995342820110003 0.00015811311062194063 0.0 235 181
3.859061796838294 2.6072088557725124 0.0 0.0 0.0 1 183
-4.932295681182775 8.639255958167139 0.0006061531289222844 0.0001655443654441409 0.0 191 185
-5.7966891008265655 8.643528005155497 0.000620634641480599 0.00026733985476192477 0.0 185 186
3.8146682397872747 -0.3907337828991144 1.4500911994713967e-06 1.534467304492418e-13 0.0 2 187
4.924079063359482 13.240317265559561 2.321665868713062e-07 2.267458369106505e-06 0.0 9 188
12.412824077673042 10.922330593426386 7.030877735383628e-05 0.0003104764028344159 0.0 152 189
-3.6682681851157852 -0.3997402860078066 0.00048652133888459455 8.599737632991492e-06 0.0 3 190
12.493032052983738 12.896115347591584 2.9674694514994317e-05 9.44463721133023e-05 0.0 52 191
12.424996267996315 24.955171797371975 0.00018259138676366888 0.0001248827410917844 0.0 48 193
5.952212111769143 8.628996233848698 0.0006109624910335073 0.0001532328917854376 0.0 104 195
-7.174713859405193 15.158221130152286 1.1232694225266959e-05 0.0005129145702606059 0.0 16 197
-14.943447953401636 14.93247497316448 7.073971058011686e-05 0.00012209920164841297 0.0 64 200
4.370037216684958 14.329540893098185 0.00016387127262219392 0.0003764857731839127 0.0 42 205
4.601757175923184 5.587023175159854 0.0 0.0 0.0 1 206
-7.186070757757335 14.779315822272032 3.159429240358335e-05 2.81909771511213e-05 0.0 4 206
12.21519077829584 13.073880502826842 0.00015148373955199335 0.00027922527334497163 0.0 55 209
-2.822566959318544 11.126502292012942 0.0002227018985035057 0.00012650303422640635 0.0 36 211
-3.661938749683152 2.600738844593264 2.5586149599045086e-07 3.1970886374248015e-06 0.0 3 213
12.23383151211884 19.90220484548918 0.00019461040243398943 0.0004972107517673388 0.0 210 214
3.8521900919213885 12.62775418103158 0.0001968350269437533 8.774919950599674e-05 0.0 94 218
-14.62544018032487 15.278340711932344 0.00016968719445579732 0.00049339653298374 0.0 36 222
4.374779950987243 12.621178476423832 0.00010049830387508642 0.00020598906603316625 0.0 26 224
3.87049450617764 14.01395138624617 8.14987314088076e-05 0.00016366642807847607 0.0 143 234
4.914051741341055 12.630446158471123 2.4230524261547694e-05 0.00010623853718754519 0.0 2 235
6.350718001757205 8.609403640402924 0.00032375946107367947 7.436593261303402e-05 0.0 8 237
7.3047431815703545 15.177628687611833 4.869759668835808e-05 0.00014390076385188 0.0 5 239
4.390871083299311 13.968301181872713 5.933155696038543e-05 0.0003995093733998333 0.0 34 240
-5.891217868310715 24.972093843557502 0.00020571460713700548 0.00036555694376285737 0.0 107 240
-7.3016154774709605 14.955844972911214 5.579759488221176e-06 0.00012848511680759684 0.0 12 241
-14.95201515857259 15.265742978296313 2.3001105632334198e-05 2.666568512210217e-07 0.0 2 244
3.8350329761519606 15.092640359576688 0.00010558968473446914 5.212575684922963e-05 0.0 79 246
4.56618555229847 8.612283734913435 0.0004397303674514395 8.951004958603797e-05 0.0 12 249
4.366142050454698 15.092134717187461 0.00014536390514108534 6.613954067313033e-05 0.0 77 250
3.7890611547206845 5.5687621907958675 0.0 0.0 0.0 1 251
3.841318095545812 8.620650558962774 0.0003504757401083264 0.00012019944232266423 0.0 14 256
4.897174891042043 15.09228157305577 0.00016396742796423298 0.00011249083665395471 0.0 59 257
-5.565536563075503 13.825343722626823 0.00045070268589182563 0.0007539186356117686 0.0 9 265
-3.3077437993459586 2.642403573141863 9.83372938145829e-05 0.0003259000508585506 0.0 9 267
7.69855613784492 15.238497668303967 0.0004169144461609425 0.00016251364537561672 0.0 35 271
-14.933313651457718 2.1268332370158856 0.0 0.0 0.0 1 277
12.547554934721731 24.147424204360547 0.00030863769196392144 0.00027252969503221264 0.0 50 282
-3.3057952576555256 8.288665038269416 0.0003763024247030884 0.0005572532746290443 0.0 14 284
-3.3295901741105776 -0.36073657817602367 0.0 0.0 0.0 1 288
7.717570432662554 15.591462393681121 0.0002153263275521053 0.0002245529070382343 0.0 55 292
-4.848515462514749 -9.043946397130131 0.0 0.0 0.0 1 293
12.427810073260053 15.316258698618324 0.00015393166330114703 0.0006563373231631817 0.0 49 296
-2.936984911735987 -0.47203965170740264 3.081010988408402e-05 4.633628640115124e-05 0.0 3 297
-4.600282386873803 -8.553693345160827 1.1181058853121026e-05 8.464642185213874e-08 0.0 2 297
15.10212414379769 2.181438521894166 1.2288938382854263e-05 1.6816983749226922e-05 0.0 4 297
7.314431013135552 14.862060512891741 8.552988600517485e-05 9.813026170224078e-05 0.0 69 297
12.542847294481327 13.161748202313412 4.4431611727700444e-07 4.199229304525954e-05 0.0 2 298
15.198231305404338 -8.913475301964848 0.0 0.0 0.0 1 300
15.186019631813345 -7.637028377756156 0.0 0.0 0.0 1 300
15.176963405870836 -6.97749240157291 0.0 0.0 0.0 1 300
15.059010839948886 -9.083188974464832 0.0 0.0 0.0 1 301
14.962174272856196 -10.33104198551954 0.0 0.0 0.0 1 302
14.951871305130886 -8.889305342094392 0.0 0.0 0.0 1 302
14.945401577972822 -10.696226961821983 8.623383097312839e-05 0.0004885342653854272 0.0 3 303
14.962233705089332 -9.400817813024313 4.504398395134393e-06 0.0003712958514809793 0.0 3 303
14.962184857130419 -11.852544097305964 2.7898046911055016e-05 0.0007208668003428912 0.0 5 305
14.961625864152772 -6.455145241194778 0.0 0.0 0.0 1 305
14.963607435581327 -12.348054950524897 0.0 0.0 0.0 1 306
14.955569635676625 -4.533278389183909 0.0 0.0 0.0 1 306
14.961697484375236 -12.101665879628118 1.4983721150849557e-05 0.00020917865171165504 0.0 2 307
14.952105223958338 -7.204556890471416 0.0 0.0 0.0 1 307
14.949475586781235 -4.332852912988596 0.0 0.0 0.0 1 307
14.956113680697705 -13.439665884588678 4.37104744297019e-05 0.000578207125359619 0.0 2 308
14.964488116207981 -12.612660546359052 0.0 0.0 0.0 1 308
14.96608180388532 -11.090822772189789 2.295441098098407e-10 0.0001511693853842229 0.0 2 308
14.942043335151524 -7.937173762093746 7.228123488567949e-05 0.00023839517112270102 0.0 81 308
14.957057601242939 -5.797425782855736 0.0 0.0 0.0 1 308
5.15242645350513 24.72962310444196 0.0004603083109384074 0.0001754058322609682 0.0 67 308
14.962742397998248 -14.0102270427547 0.0 0.0 0.0 1 309
14.962787541858003 -13.171455211568222 1.4854279064044146e-11 9.037774753257036e-06 0.0 2 309
14.955178277567084 -11.59921120073472 7.475577205598152e-05 0.00028320735761106316 0.0 3 309
14.940386595629288 -13.831198511614984 0.00013712503769136382 0.0005513204076691969 0.0 35 310
14.950671324677252 -12.895020479907457 1.624043469414448e-06 8.301821469047643e-05 0.0 2 310
14.966476777804429 -11.353942482699136 0.0 0.0 0.0 1 310
14.944640499796355 -14.345079749982977 5.011986175343488e-07 0.0006110019795476235 0.0 2 311
5.633499879369584 8.629385275750842 0.00013197521569988297 3.320412053597241e-06 0.0 4 312
14.63299706199031 -13.825317590763758 0.00033621675442542276 0.0005196971080969488 0.0 193 313
14.959053342786348 -3.1534122311383115 0.0 0.0 0.0 1 313
5.301575428561088 8.630677295097634 0.0 0.0 0.0 1 314
14.962182035274141 -7.510241695412699 0.0 0.0 0.0 1 314
14.956891247089754 -6.729261728002207 0.0 0.0 0.0 1 315
14.955219962158921 -3.9013655054486414 0.0 0.0 0.0 1 315
6.619658429178355 8.606296580372765 0.0001777952755192478 0.0001274002221547413 0.0 3 318
14.643967313592608 -14.47693834325484 0.0 0.0 0.0 1 318
14.67545933594233 -13.566181893952095 0.0 0.0 0.0 1 318
14.68406081480933 -12.697838677009848 0.0 0.0 0.0 1 318
14.690052406981412 -11.670361838790857 0.0 0.0 0.0 1 318
14.708486468369143 -9.274593191918513 0.0 0.0 0.0 1 318
14.72955601146136 -7.983579420817037 0.0003807926646431036 0.00011452575842363193 0.0 6 318
14.721940563838903 -7.042796873337483 0.0 0.0 0.0 1 318
14.737309124166178 -5.790342844368254 0.0 0.0 0.0 1 318
-14.865677109963395 25.151659236239897 2.0443830035133742e-05 0.00025768119070870615 0.0 28 318
14.673943688047881 -13.10983052924714 0.0 0.0 0.0 1 319
14.672519479465812 -12.237869110051083 0.0 0.0 0.0 1 319
14.692795629141507 -11.257969246999288 0.0 0.0 0.0 1 319
6.152320326139408 8.521686611995323 0.0 0.0 0.0 1 320
14.830884181939258 -5.556727397959044 0.0 0.0 0.0 1 320
12.829774793516734 -13.83586636384533 0.0005451993349390638 0.0001294728384376833 0.0 231 323
5.054457348765757 14.030059640834608 0.00020516003759280907 0.00012798450532994256 0.0 55 324
6.148174037329814 8.245036857467863 0.0 0.0 0.0 1 326
-6.153441084423656 13.861649124989485 0.00029687945634208717 7.700230733754043e-05 0.0 6 327
14.65007204068262 -15.085702130559003 0.0 0.0 0.0 1 327
-3.366389455444158 5.6693529981933555 0.0 0.0 0.0 1 329
4.823069436227303 8.595868777695301 0.0 0.0 0.0 1 329
7.671721974430545 7.730591701379038 0.00015467625580115694 4.601208633595507e-05 0.0 35 332
6.533451519643254 8.253172596938578 0.0 0.0 0.0 1 334
-6.06039450177535 14.144483038472819 3.784582521492364e-05 0.0005887223325518829 0.0 12 341
14.354066264440755 -13.876082116601728 0.0002583082864232995 6.955142383084379e-05 0.0 5 343
10.574241580411591 -24.9713262845179 0.0004012289692949346 5.637359245209362e-06 0.0 2 348
10.755428286222099 -24.96234338808057 0.00042821514754877226 1.540743751549119e-05 0.0 2 349
7.645270090579298 7.584821278649293 0.0005581621718045308 0.0004416729785091445 0.0 67 351
11.778807548085467 -13.853200597889556 0.0002459295763559687 0.0002927547806904639 0.0 12 351
12.172525318900522 -13.881995226606207 0.00019554063425355548 0.0005616105774689407 0.0 10 351
14.121693009888043 -13.862544106645752 0.000710845911004799 0.0001570276995978581 0.0 23 363
7.669115319254598 14.87141526177465 2.9698341428472753e-05 4.5035195533587665e-05 0.0 22 365
7.570392717198503 7.360491329574561 0.00023311050201742895 0.00010117771161076117 0.0 4 368
11.276260229246082 -13.846312847313662 0.00039253263956005245 7.101220257591831e-05 0.0 17 375
-14.164318469305355 25.043292403382942 0.0 0.0 0.0 1 381
6.299816997272002 5.556118445309329 0.0 0.0 0.0 1 383
-14.029515384417996 24.893565459124925 0.0 0.0 0.0 1 387
13.40244137888901 -13.863022880048357 0.0003274955278517337 0.00036556343712571465 0.0 34 388
7.891334926367595 15.38975193274874 8.337775330971471e-05 4.9335875886499365e-05 0.0 59 389
12.345897673755907 -13.853193837214889 0.000208904216878008 5.6155084638846455e-05 0.0 73 391
-3.2939913745865286 5.191716169230687 0.0006277141831438012 1.9749583940124326e-05 0.0 12 392
13.71926883739975 -13.837007386537266 0.00045455972888908586 0.00011447753990973568 0.0 129 392
12.003780460647414 -14.29902655606269 0.0 0.0 0.0 1 402
6.861035071037251 8.222714477441993 6.425581669551899e-05 7.23311855442136e-05 0.0 58 406
13.06997224999635 -13.85754733093008 0.0002806318394855672 3.670820858052285e-06 0.0 2 415
5.032483627550935 14.27655972612883 9.007394477096277e-05 0.0001011178915065826 0.0 96 417
-3.6056458270296394 8.225630641609307 1.4414363691237883e-05 9.360653851105428e-07 0.0 2 426
6.91013615942012 8.594967500216768 4.176660289334894e-05 2.5812089623970022e-05 0.0 23 426
12.57879060449694 -13.824277494304381 0.000304365845546431 5.3274715807397444e-05 0.0 3 428
-3.391188685085309 8.1056278572735 0.0 0.0 0.0 1 429
-3.43769051019755 5.442827708522119 0.0 0.0 0.0 1 429
7.884633320236418 7.575157868982018 0.00038321610073949674 0.00011638050122127077 0.0 25 432
6.594323222570642 -0.46242644540999933 0.0 0.0 0.0 1 432
6.845356725299909 2.5515827124373502 0.00032151481726451036 0.0002623500619739516 0.0 19 433
6.365845540683238 -0.4421385782934202 0.00010467512350745296 1.911346463005657e-06 0.0 2 437
6.858598497971602 5.189303839777585 2.1544349149222798e-05 1.944458052398923e-05 0.0 62 440
6.9022160275694295 5.5604009165309725 0.00016777569753244437 1.674524459939798e-05 0.0 32 448
7.655814311232833 0.23562073327253266 0.0006537847725324113 8.271866531128771e-05 0.0 36 454
11.978746160263185 -13.834211054358247 0.0005820323111294557 8.674457763832501e-05 0.0 192 456
7.9713366220155315 -24.719851419200033 0.000641485767314537 0.00017958864239651107 0.0 21 459
6.857435642795635 2.1896103166166325 2.046639228425331e-05 2.5874258260775938e-05 0.0 76 463
5.085219115225178 24.931467000928862 0.0002978119461938334 2.045386235725713e-06 0.0 11 466
-3.495123398922493 5.18884355775586 0.0 0.0 0.0 1 468
11.09918756811786 -13.840669562865186 0.0003410518161763522 7.019204178256486e-05 0.0 59 480
7.894165307984556 7.387877459390682 0.00011509935051582093 5.440346298230138e-05 0.0 43 487
8.076311057975213 -24.967028807874687 0.00017280641335461886 5.015244496900291e-07 0.0 7 488
11.462320349801418 -13.93629453257268 0.0002869317272597206 6.299755150713348e-05 0.0 3 489
-3.609150886947509 2.1888798883046254 0.0004533476763838883 4.248286093627681e-06 0.0 8 502
-3.41450097213918 2.194048964414481 0.00048239443303161 4.21010088426772e-05 0.0 2 503
5.104060256094557 8.039548044042263 0.00023428174358840635 0.00011071944383232112 0.0 43 506
7.5469184319042055 -0.14544160014431967 4.7750003015950826e-05 5.4756275567674415e-05 0.0 11 511
7.636183546853142 -7.263390850856306 0.0007460826065658104 6.749979826792465e-05 0.0 71 515
14.39840037245735 6.286540404267504 0.0002695578095870786 4.641901796890527e-05 0.0 36 524
7.640307184066656 -14.766717295976504 0.00048105665088697425 4.222808060624923e-05 0.0 92 525
-3.637176828836285 5.37880269636817 0.0 0.0 0.0 1 529
3.1910972843992607 4.878530047832483 2.7954763788613967e-05 0.00019014244462296382 0.0 4 530
2.334322960562961 24.96756069017316 0.0 0.0 0.0 1 539
6.860727848465434 -0.9950107526250351 0.0003749774849102431 0.00015467096038507041 0.0 72 546
5.063350535635162 13.836324785210369 5.223104898066677e-06 0.0003095457133013101 0.0 4 552
12.594922375019115 6.288120724641794 0.00043501402097027153 1.9117155431746667e-05 0.0 12 552
1.6799084409518112 24.931628006831602 0.0 0.0 0.0 1 554
6.852445685668311 -0.8079190341865324 4.057051287465412e-05 0.00022485853443232593 0.0 21 557
7.893458585713014 -24.949651762936718 0.00011515656388689327 0.000302496618553362 0.0 62 558
10.962034351301526 -13.482309715572915 0.00011125744485299206 0.00012156782238317817 0.0 10 560
11.45089697949237 -14.214718995838808 0.00027744440811719624 2.1458101983689165e-06 0.0 2 560
6.903817928362753 -0.5324561581808095 5.99352496464573e-05 0.0003144264609897708 0.0 11 563
7.542370629006634 -7.644569922779877 6.826809377731731e-05 7.132787431553553e-05 0.0 31 563
6.845401851898071 4.993898627375373 0.0003638257768580338 4.522897367628078e-05 0.0 33 565
6.864575863537224 1.9965447578991007 0.00013955000844954781 6.639710373251515e-05 0.0 52 565
11.656580673454869 -14.208075703919189 0.0005160173349530293 3.695284602149627e-06 0.0 2 565
7.090703709429982 -3.722241624280899 1.3173914672844456e-05 3.5849249394087604e-05 0.0 38 566
5.091995916769435 2.002731763701719 0.00013052393394115673 5.3754548806305706e-05 0.0 13 574
7.580380958651163 -15.141137437227853 0.00015564583374371233 2.2540553979559065e-05 0.0 28 577
1.161576089886584 -4.127112699425444 8.320945732414973e-06 0.0001799277451377232 0.0 22 582
6.761721206846943 -4.12201216882973 0.00011883495896964699 0.0001930482882396556 0.0 103 595
6.7806095435647915 5.373037610188789 0.0002066467763708591 5.061669788925571e-05 0.0 37 596
14.961271886190174 1.8930652255663671 0.00026074679905061817 0.00020773722122342694 0.0 108 602
11.20934098733631 -14.204965431270764 0.0 0.0 0.0 1 603
6.681860606845371 -12.997343709465943 0.0002741081684719835 0.0001930218945264057 0.0 37 606
5.092151419094396 -0.9912394988895379 0.00034667742353122847 9.701167447073244e-05 0.0 26 611
6.366613387317115 5.007075516830757 0.0 0.0 0.0 1 628
4.17974444765896 -0.9834733266268945 0.0005479507677568407 6.594219418584468e-06 0.0 9 628
6.755471512582551 -8.498806564057803 3.757752930030323e-05 0.00022673220614281272 0.0 40 633
7.839655988236734 14.759671346340863 1.7287865832212664e-05 2.7168370743592915e-06 0.0 2 637
5.973445182926437 -0.9956868286722279 0.00012794445196266397 6.083866154488221e-05 0.0 11 645
14.961915227472407 6.279347974768446 0.0002581469557384086 0.00022840291653129406 0.0 13 658
7.074586432426866 -3.9145573298275145 0.00015565185871324407 0.00013258441502444639 0.0 16 664
7.762090539211356 -14.964085630344115 0.0001400016850680056 0.00019531816878307615 0.0 2 665
8.227328291569696 -24.75576212147744 8.090609408830743e-05 0.00023230686765851765 0.0 14 665
11.105408564871327 -21.420620444450105 0.00010798685860781947 0.0005077162607966472 0.0 34 673
6.762572865641511 -8.697877931278441 0.00013770200160672592 0.00010833137193540702 0.0 66 675
11.093211839010111 -20.98292562385061 0.00028002780421400645 7.287474670957017e-05 0.0 48 675
6.294067074022271 1.9836527181381438 0.0 0.0 0.0 1 676
6.361244518339172 -0.9975200472717543 0.0 0.0 0.0 1 689
11.087323861801492 -18.742021246687923 0.0002057005501491492 4.688565568208883e-05 0.0 63 694
11.112842636626985 -14.399953244190476 5.779318419436076e-05 0.00024025587599938326 0.0 69 696
11.091143035218908 -16.184303045332427 0.0002587216127939511 0.00013708594169801013 0.0 59 698
11.971784501880586 -16.178143385907344 0.00027780127024296537 0.00018471659203864033 0.0 51 699
11.706863421384847 -18.719100889346656 0.0 0.0 0.0 1 705
11.113281229816968 -16.56129778064703 4.7475870828405414e-05 4.3412729233790205e-05 0.0 34 716
12.837615604119772 -16.192836122659287 0.00011164663325541728 0.0001026017248838595 0.0 36 722
7.70648683232521 -7.759442466193434 0.0 0.0 0.0 1 723
11.95503982007686 -18.74082088731861 0.0001534813496778073 5.4612124922368726e-05 0.0 61 724
6.770190037355013 -13.173671655994783 2.585395836644222e-05 5.596489836010286e-05 0.0 45 730
6.766050038659728 -17.36874808418555 7.186317981181416e-06 5.040227886129539e-05 0.0 51 732
13.747408981881579 -16.194180114872633 0.00010198492216443728 1.2682736336311447e-05 0.0 12 732
14.664870650425044 -16.210964789051573 0.0 0.0 0.0 1 735
14.949350027177221 -16.175780556671093 9.530047230895047e-07 4.5995148382229636e-05 0.0 16 736
10.81445544096312 -13.613058131543813 6.957285355539745e-05 6.778549615113842e-05 0.0 55 739
11.112731453159297 -19.113820494853154 1.9476076700770604e-05 3.1619744541917794e-05 0.0 29 748
12.834230842412754 -18.746865910393723 0.00013198396962348487 8.679992768962596e-05 0.0 39 749
6.688085171239919 -21.85557832573087 0.00018842131574235373 5.750718306851801e-05 0.0 28 751
13.737551665882174 -18.752501833193357 0.00022989200014344056 0.00024232299998213784 0.0 13 760
14.643328506622213 -18.713034444144917 0.0001601067012070063 0.0003379815833116808 0.0 17 764
13.74439424078466 -14.425378347772686 0.000302110544450702 0.00022962536665156256 0.0 12 765
11.957358790596475 -20.97809623434812 9.360301814838101e-05 3.9696340727689106e-05 0.0 44 767
7.891005430723955 -15.105036438542248 4.181165678498075e-05 5.866076838700157e-05 0.0 21 769
14.947794795196845 -18.726182382479287 1.5687945926650956e-06 5.9319971063027236e-05 0.0 15 772
10.802335694485677 -21.42926932184297 1.4781908054480072e-05 2.4372963786739662e-05 0.0 23 774
11.975299952702674 -16.76642216968568 0.000425922062171852 0.00016285580058966498 0.0 74 782
12.839080863747883 -20.9846811853331 9.80683976270602e-05 4.443949942407148e-05 0.0 29 784
14.95099724464187 -16.78277776335104 1.0718602919838221e-06 4.3280402428347386e-05 0.0 23 786
13.74979079139482 -20.986383028991902 3.384448613373845e-05 2.1895702674939095e-05 0.0 8 792
13.73430078383523 -16.765088080162574 0.00018368591631851914 1.9135439513934493e-05 0.0 13 794
14.643000763668027 -20.948554258320115 2.2438760434449423e-05 6.611209605298227e-05 0.0 11 795
11.115878551334479 -16.75568537707194 2.0772242945140588e-05 2.357330257016103e-05 0.0 27 795
14.947523201145652 -20.966162349006662 1.7637477301316625e-06 5.5182894245903057e-05 0.0 15 799
11.116719279721558 -19.306799486297198 0.0002786683852724022 0.0003542912116488851 0.0 96 800
13.418117370652352 -24.992261639236414 0.00011505254633879019 0.00035341555351390197 0.0 32 804
13.424731033037936 -24.662272324000725 2.98949604942131e-05 5.439412882233963e-05 0.0 34 806
11.976924668378507 -19.328836519507547 0.000292214728922908 0.0002892217733010989 0.0 64 813
14.94718718520845 -19.338388668767205 8.255306909607925e-05 0.0001449464224387834 0.0 27 815
13.733720960462975 -19.318469021776018 0.0003573793953359489 0.00014993053047321022 0.0 10 827
11.092585871061257 -21.167353710214496 0.0002806211099042045 0.00041165802359471496 0.0 85 834
12.66683791662041 24.9007157574434 0.000584119266675597 6.554667002201443e-05 0.0 15 835
-14.976972270747176 -24.562008537051483 6.568141636954358e-06 0.0006073754175483326 0.0 4 835
10.806761682057216 -21.596651621322483 0.00014439182463810342 0.0004069037206216637 0.0 62 835
4.58289849573714 -21.985523119141767 0.0003091002704030673 0.0003262533533692258 0.0 47 837
14.6096767493503 6.241987737229836 0.0001368045872604421 1.9492881706541917e-07 0.0 2 843
12.86508467201414 -19.35875313084375 0.00016710366774938643 3.249962167541829e-05 0.0 3 843
14.955633415653288 -21.62910437398964 2.0858624406566358e-05 0.0003120276094394819 0.0 34 844
11.969932297873019 -21.57337951150903 0.00023977189621084098 0.0003330828863817644 0.0 30 844
1.0926193783256783 -21.790090396321663 0.0 0.0 0.0 1 847
-4.789364589748814 -21.715846066666995 2.5831598234832986e-05 0.0006285546859885742 0.0 34 848
13.938115389475774 -25.01462175338373 3.2344113752307196e-05 0.00023508288971419274 0.0 7 849
15.221375996406117 7.69269145102616 0.0 0.0 0.0 1 850
-4.819406101993997 -21.967413293533124 0.00015126848104751403 0.0001580717883363997 0.0 7 852
11.635116943097497 -14.40815342770699 0.0 0.0 0.0 1 857
13.745200406608033 -21.567195067403546 0.0 0.0 0.0 1 860
15.22675967349446 6.235729614801806 5.646125806256839e-05 0.00014243670121513122 0.0 4 862
11.088189907139629 -21.621956309707024 0.0 0.0 0.0 1 862
12.892336170810408 24.894193055902043 0.0005916847781151783 5.9290764462221725e-06 0.0 7 863
7.476175829310645 -24.954119259793742 3.848243176737243e-05 6.6219890801336445e-06 0.0 12 870
14.931071320152915 -24.311521472531577 1.5679285539470906e-05 0.000475957086040669 0.0 65 870
11.249217215055188 -16.394412351724924 0.0007441628473693548 7.889435759436393e-05 0.0 6 873
15.22668114719503 5.691764008302293 0.0 0.0 0.0 1 873
12.96336554017049 23.75151107993213 0.0 0.0 0.0 1 873
15.224121128235424 5.941914230135922 0.0 0.0 0.0 1 874
15.214894899619818 4.9209978206193625 0.0 0.0 0.0 1 875
15.232166550642255 6.6112473706541035 2.610989602308086e-05 3.879113579451567e-05 0.0 2 875
15.147777569652547 6.865592377317288 0.0 0.0 0.0 1 876
4.573302274418532 -22.17317244829256 0.00014969519443293038 0.00025604938218303435 0.0 35 876
14.983412531735958 1.1712984845553436 0.0 0.0 0.0 1 877
14.988014544031646 7.193851627103559 0.0 0.0 0.0 1 877
14.935038541927106 7.504020198136441 0.0 0.0 0.0 1 879
14.961234844999908 5.209302303990192 0.0 0.0 0.0 1 880
14.96589502866776 6.669941697314577 0.0 0.0 0.0 1 880
15.16480785403572 0.7620107347558722 0.0 0.0 0.0 1 882
15.229178773804156 7.092375537861148 0.0 0.0 0.0 1 882
1.1435880902832547 -21.98188013856096 8.179666827535805e-05 0.00012588647122951797 0.0 59 889
14.929708304066024 -24.656767062085482 2.0094827905177022e-05 0.00031131916888730036 0.0 13 890
14.931185572078661 -23.95260141414642 1.0571555104550667e-05 0.00031367365800927276 0.0 51 890
1.140286837216353 -17.53270790199754 0.0002939990424920388 7.205754846442517e-05 0.0 13 894
-4.567196085134989 -22.03175340299797 0.00014763526508289595 0.00013929581335273114 0.0 15 894
1.073981688600078 -16.18191543704572 0.00019433951994956054 3.370422960474378e-05 0.0 11 897
0.06869940580588135 -24.70860022507547 7.734883609833059e-05 0.0001962491639362706 0.0 62 900
3.616658893668167 -0.8961838745828459 0.0 0.0 0.0 1 908
3.712854108198481 -0.5858837564195869 0.00018181247881802294 2.815547461710284e-05 0.0 2 910
14.544674875553817 -23.920031869490746 2.4958517376146396e-06 0.00017086086452569265 0.0 3 922
3.847808353769867 -0.981536465048095 0.00011335330012478751 2.4220770502799347e-06 0.0 6 923
-0.8271031082409838 -21.97647223671648 0.0002045250534589521 4.909087732511256e-05 0.0 22 923
-14.63324284110927 -24.699902310618466 0.0005069312285760412 0.0002430674018308976 0.0 430 924
4.688385362093712 -17.520980895264014 0.0002635857374982443 6.370840725653527e-05 0.0 25 926
4.42144673055247 -0.9516879111339259 0.0001265553128430182 9.847107079417243e-05 0.0 3 926
1.2822420790484264 -16.135293911107148 0.0 0.0 0.0 1 928
4.764838291057568 -1.0010147899593775 0.0 0.0 0.0 1 930
11.3176360102869 -21.149489057674263 8.097647932144173e-06 9.830168370134745e-08 0.0 2 937
-8.790688013250335 -22.402609469348786 1.7219224626563788e-05 0.00021317049018731792 0.0 81 938
-4.818858728574166 -17.534286036180728 0.00022956668598563058 0.00023261038269370437 0.0 26 963
4.609393138101287 -21.812865519747525 3.7340816156152215e-05 0.0003339800991998412 0.0 60 971
-5.05656399055925 -0.9983861613383631 0.0002876018762283301 4.0852755130810225e-05 0.0 2 974
14.483695604468664 -24.26029008508615 2.532300251447141e-05 0.0008743066754698837 0.0 9 974
-9.931496663620903 -24.948442781819853 4.823177403273015e-05 2.4167689088820524e-05 0.0 57 975
-4.185039759602814 -0.999275762430111 0.0005481346534763151 2.240561076488228e-05 0.0 2 976
-3.7104344597209353 -0.97917843543906 0.0006064340509446102 9.366715257090579e-06 0.0 5 977
14.480788003102102 -24.65504390677779 0.0002012585111540057 0.0003126547108472124 0.0 17 977
-4.433493688386621 -0.9788116275208392 0.00029818090031179354 2.1251685857820133e-05 0.0 4 979
-3.3631986816211956 -0.9792666361803223 0.0003576703607965203 2.3887780954713597e-05 0.0 3 980
-4.663733740398023 -9.733298695009372 0.0 0.0 0.0 1 981
-1.030195254072229 -15.192962098622225 0.00012348024869611733 9.137278779806396e-06 0.0 2 992
-0.9223378924911942 -17.517178893507218 3.344985609357881e-05 2.1496611650364145e-05 0.0 27 995
-3.5520938419414527 -0.9023083545056068 0.0 0.0 0.0 1 995
-4.448309414890799 -0.6046686268171833 0.00010069690336704968 2.4462694590201996e-05 0.0 2 1015
-7.51619395086937 -24.94846964298331 4.1828225849168137e-05 1.676627240489776e-06 0.0 51 1017
-4.7008593200048 -22.188758002016087 0.0001399219714515699 7.770326911447875e-05 0.0 55 1031
-6.784602426199182 -21.975866456527978 0.0002284960482351153 2.569400894867241e-05 0.0 29 1031
-0.9897014352256353 -21.811246681616485 4.556458983266619e-05 0.00024153352959035458 0.0 63 1043
-8.855834826525689 -18.112158122209763 0.00011573048207027915 3.401612137729375e-05 0.0 20 1049
13.959489249289843 -24.668346592268183 0.00036312254252421496 3.310761924619238e-05 0.0 3 1070
-9.946633341915318 -24.720608271988027 0.0005029598027804172 0.00015849391201295477 0.0 24 1072
-6.878766908566481 -17.521817548665418 1.6199789806904253e-05 3.429315477327466e-05 0.0 7 1084
-8.955267341859818 -22.575066968914584 0.0001239484394506312 2.7947678344983506e-05 0.0 12 1088
13.98219116632238 -24.301880767988635 0.0 0.0 0.0 1 1092
-14.643847039720896 -24.925027272862913 0.00016602861881290527 0.00018494572064793098 0.0 40 1097
-10.766428739284338 -22.571496177071122 0.00025716785694721565 3.20671662735637e-05 0.0 13 1099
14.459408397244966 -24.864415097137805 6.679677615372914e-05 9.457088448218782e-05 0.0 5 1113
-10.811042011686954 -18.11550791479913 1.4779606912480415e-05 5.581149209164833e-06 0.0 13 1124
-10.915191412193549 -22.405947623148403 3.509464113698442e-05 6.079166933495363e-05 0.0 58 1131
-11.013717340437902 -17.755707477834367 5.216730192823804e-06 1.3852225573695528e-05 0.0 2 1132
-10.824192909247959 -17.783376718960668 0.00034340891746330494 6.717637274707482e-05 0.0 2 1143
-14.761718526053386 -10.04625768294161 0.00023711487003238692 0.00039070264992127537 0.0 12 1153
-10.837012895130446 -13.71953811643341 1.929163536894509e-05 3.7450271633695364e-05 0.0 27 1161
-14.95565909626935 -24.93083657764931 0.0002578519381024979 2.963069691458561e-05 0.0 41 1165
-11.191379955725505 -17.59106442067639 7.66925463738853e-05 6.021502497639883e-05 0.0 60 1191
-10.838501905430283 -9.236917693843468 5.5405067444929525e-06 3.679058968779494e-05 0.0 26 1210
-10.907189672133752 -4.680507409400941 4.487791857890318e-05 7.005303889392745e-05 0.0 120 1211
-10.843757706519291 -17.591047126627807 0.00012083081201062594 6.041560902305361e-05 0.0 33 1232
-14.948466117272728 -10.070596217700063 4.196005157685719e-05 2.6921769099587506e-05 0.0 27 1236
-6.671610399366066 14.024897016021981 0.0009965135890960047 5.574609609618863e-05 0.0 11 1268
-6.773349547924919 14.760747052152457 0.0004424010853180092 2.7657602861833567e-05 0.0 8 1268
-10.90509708105595 -4.52655791594327 0.00011312012665199608 0.00028355623319468467 0.0 68 1278
-7.559768329557501 7.6438680131621215 0.0004393388528074302 4.4411995489185814e-05 0.0 99 1281
-7.6578372784252 7.266350149852272 0.00018917117138781076 7.645435040544165e-05 0.0 70 1282
-14.612940518008541 -9.888686073033872 6.1005644272190105e-05 5.0157246047494e-05 0.0 53 1282
-11.181144044909312 -4.470521491955322 0.00029330619470928907 7.2594311766389e-05 0.0 56 1289
-6.677101944660538 5.037114146206858 7.776220247647987e-05 7.887914832703458e-05 0.0 87 1307
-5.827516835263174 8.064516570474234 0.0003145013941722943 5.021765341271586e-05 0.0 75 1310
-7.630593549309107 14.764254465623342 0.0009143968908814504 3.4871365750574127e-05 0.0 94 1310
-7.543447248596773 0.14198517542747527 5.451935574642686e-05 5.8833138362301994e-05 0.0 24 1314
-5.826905081362685 5.027249931600473 0.00021769476627828883 8.34233703708116e-05 0.0 51 1317
-6.597437509680051 2.4114228940980555 0.0007488461177227194 8.280350701244288e-05 0.0 28 1322
-6.681646316555647 -0.5869360042676227 0.00010948032372279274 0.00012014329162435253 0.0 52 1325
-6.682360374155094 -0.9584544100119203 4.928649974372694e-05 0.00011738460129485523 0.0 40 1328
-6.591402539693358 5.412588794381743 0.0004309043877491148 6.0171060534700805e-05 0.0 49 1332
-6.68138213547048 2.035570399767399 7.680741309884247e-05 0.00013138481238421173 0.0 52 1335
-4.048246612054791 2.0151678625616065 0.0004825314538538865 9.183862464459017e-05 0.0 3 1336
-5.835648196166504 -0.9628980499216466 0.00019250300196266856 0.00015464536662614299 0.0 9 1338
-7.671596872976754 -0.23046739008546582 5.2123213297634575e-05 8.671187557871172e-05 0.0 37 1341
-6.622065166367497 13.328366365216114 0.00018219316924789137 3.596290093387291e-05 0.0 14 1341
-14.807449396931602 2.994222674981062 0.0 0.0 0.0 1 1349
-8.093754575710523 -0.07143721934892447 6.184869030446553e-05 0.00013996175227301458 0.0 26 1352
-6.9338113229122635 -4.101793732257142 8.89530241425132e-06 0.00031451212249428075 0.0 13 1355
-5.836053799184796 2.030344383115877 0.0002661757488041417 5.8252938607734244e-05 0.0 14 1356
-6.157442764664636 13.347016492001048 0.00022981512804975656 0.0002374962228974327 0.0 11 1356
-7.752145784345919 7.466771553948311 0.0 0.0 0.0 1 1359
-6.3152961762036375 24.785857669313334 0.0 0.0 0.0 1 1359
-7.142551613929309 -3.8549709156887135 0.00010731902057115815 0.00019437713471050138 0.0 9 1361
-7.559823202128698 15.145089178303028 0.0005365568645301503 8.755334671572953e-05 0.0 76 1364
-8.924380334888728 -4.535234067399206 0.0002234925773928424 6.54156114893856e-05 0.0 19 1374
-0.9775536682614526 -4.107718443444393 6.486070315931462e-06 0.00014454487325143062 0.0 13 1378
13.588424010467122 6.330193979487688 0.0 0.0 0.0 1 1389
3.6369511999619935 8.440962919545454 0.0008482435846481872 3.105363860100353e-05 0.0 8 1392
3.6493131740721356 2.40694427392878 0.0 0.0 0.0 1 1395
3.9311046348942265 2.398488390741283 1.9167796412264043e-05 7.209981085324112e-05 0.0 2 1396
3.6194593509260535 8.058248532938704 0.0 0.0 0.0 1 1398
14.635913427728223 1.6579409617876244 3.6985720338211645e-05 0.00018255387123595796 0.0 5 1400
3.644265209961057 5.408065968931535 0.0005197217930560296 3.8376528661215377e-05 0.0 11 1415
-6.85756627708237 -7.230854386454555 0.00010837564148995597 4.996422509093213e-05 0.0 24 1426
-11.036617448081303 -4.331110869381448 0.00019150494310242276 0.00016355157778381914 0.0 16 1427
3.3452887707381658 -0.7122914460982692 6.590645821182543e-05 0.00014612480986565335 0.0 2 1429
-8.087226119289584 7.42002937549401 1.966212112633076e-05 6.849684229689737e-05 0.0 32 1437
-6.698992886201319 2.6050477973416815 0.00034224309856113007 0.00011838931313094101 0.0 76 1448
3.847176461153479 2.214478426231847 0.000326489569869299 2.6099582860018668e-05 0.0 2 1450
-7.604230768299578 -7.230444708145103 0.0003714462233220331 2.8928732356397922e-05 0.0 27 1455
-6.694293633375199 8.522463299887598 0.0004612883238435506 0.0008232263742670899 0.0 16 1460
-14.416884302225792 -24.742021579459895 4.2848378838362956e-05 3.186048623296962e-05 0.0 2 1470
6.898294042093019 -0.31160959179756453 0.0 0.0 0.0 1 1470
12.342980855255668 24.296104554848096 3.4258418693773414e-06 8.292691199761718e-05 0.0 3 1470
3.338977749538542 5.236162251318127 0.00023067046607406583 0.0005248536109599587 0.0 21 1478
-6.684735758902519 8.089169966450742 1.4253868534434245e-05 0.00023628922409114187 0.0 14 1478
4.350744011152097 13.446744794686996 0.0 0.0 0.0 1 1479
12.115940397616399 20.163282370822984 0.0001698739366528979 0.00020377300069635378 0.0 2 1479
12.333248046566816 25.168077439810826 1.1696160416897804e-05 2.708203769137786e-05 0.0 2 1479
-6.7080140971946784 5.606687138253933 5.698315566415113e-05 0.00010308209590502306 0.0 52 1480
-7.499059067144529 -0.07549120293303124 0.00024598532000977286 3.8539515601231704e-05 0.0 2 1481
4.345103501267179 13.732152199315038 0.0 0.0 0.0 1 1481
-10.71386499827023 -4.528985084240609 0.00038958598014381075 7.707031867351084e-05 0.0 6 1482
4.903643824640072 13.673966363463347 0.0 0.0 0.0 1 1482
4.331125547223023 14.773351059865423 0.0 0.0 0.0 1 1482
3.8657350603587464 12.234072522062508 1.3406073909585097e-05 0.000550569890824319 0.0 2 1484
4.392900706009038 12.22198608888064 1.0564254485219038e-05 0.00019910754393356745 0.0 16 1485
3.890927515722719 14.670868871728103 0.00029729539181313244 1.4466048657734258e-05 0.0 5 1486
4.921050035054057 12.237264802124313 2.6396326032257188e-05 1.1746073288469172e-08 0.0 2 1487
-6.652607775904572 -0.3900046462328503 0.0006042259772135753 2.0389775915215997e-05 0.0 59 1495
3.905565492963472 13.582914083582498 0.0 0.0 0.0 1 1497
-8.093746822726692 7.6165544924674125 2.191361138496372e-05 8.975642533513054e-06 0.0 20 1515
-8.090039660504866 15.422032704028156 2.1906441506278016e-05 5.1497251239520634e-05 0.0 53 1522
3.8198390693615263 8.264407060942148 4.735059190963631e-05 3.851383945491692e-06 0.0 3 1531
-6.686320319699202 8.257179913178362 0.00014565107150340252 0.00047175241207505835 0.0 41 1545
3.5902308133392253 5.612008802915364 0.0 0.0 0.0 1 1548
-6.146579996781031 -0.39369891165939386 0.0 0.0 0.0 1 1552
-7.724233979133833 0.2507587779669988 0.0006441503791119353 2.977638819466135e-05 0.0 10 1574
12.446741746681505 19.404453589007527 2.8260982371911452e-05 0.0003305732922083181 0.0 20 1576
12.51613738854835 24.746166647050025 0.000609737594221157 9.883841014960572e-05 0.0 4 1576
12.489031003142788 23.974594221255668 0.00010571473765452688 0.00023784298417274963 0.0 19 1579
4.919735380451582 2.4547895518118237 9.591912113728217e-05 2.404332770025692e-06 0.0 2 1582
3.514723788158805 2.225741574548781 1.4028663655079708e-05 5.133489507045817e-06 0.0 2 1594
12.250055435351644 19.69827562868718 0.00014152006840103778 0.00016671339287166028 0.0 9 1601
-5.447757444403559 8.607110589047709 0.00022162982414683125 5.206765036067445e-05 0.0 14 1611
-7.712962578671932 7.746733492567253 0.0003945964092879513 1.785574448268858e-05 0.0 12 1612
-15.329886210949553 -24.883542194452506 0.0001435170190366307 1.1254229663793899e-05 0.0 3 1617
-15.325417170218252 -22.538825647108922 0.0 0.0 0.0 1 1631
-15.102989037457036 -23.126619242063427 0.0 0.0 0.0 1 1632
-14.985256593759894 -21.80291222614014 0.0 0.0 0.0 1 1633
-15.141115823838705 -24.05336498576034 0.0 0.0 0.0 1 1635
-15.020317833436238 -23.756539121766338 0.0 0.0 0.0 1 1637
-15.150959821882886 -22.253360271323753 0.0 0.0 0.0 1 1638
-15.064819437033679 -9.174094327950812 4.942507357157041e-05 2.4437840190821606e-05 0.0 2 1639
-7.887665226281241 15.593530686137731 3.6393063047940074e-05 1.0064299672878354e-05 0.0 56 1641
-15.039506978062665 -8.867320785138709 0.0 0.0 0.0 1 1642
-14.927250779127608 -21.541803402071857 0.0 0.0 0.0 1 1643
-14.950378695584824 -8.52795375423571 0.0 0.0 0.0 1 1648
-6.169967593526314 8.622740757511455 0.0003226216198360561 1.1088768240175324e-06 0.0 7 1651
4.689911669625282 -12.997801108439468 6.458597443881883e-05 0.00015678483470620515 0.0 9 1652
-4.381363271045909 8.610582793132728 0.00019488950528138833 0.00032628980226168797 0.0 20 1653
-3.647681209746443 8.603872634736128 0.000205867243820511 0.0002795488694650127 0.0 19 1654
4.697346638163469 -12.64095878587645 4.301639508271359e-05 0.00015721268045352374 0.0 3 1659
-14.889053770256288 -9.378247869415784 0.0 0.0 0.0 1 1660
-14.940215398136118 -5.87910773716105 0.0 0.0 0.0 1 1662
-4.555967955819291 8.617771719257227 0.00015844006668176984 5.520278846510663e-05 0.0 8 1662
3.4287365805229317 8.243239368180465 0.0004916124301539669 5.9186673127008836e-05 0.0 49 1662
4.703375381951588 -9.476932679259377 0.0 0.0 0.0 1 1665
-14.938721228712756 -9.808151162288375 0.0 0.0 0.0 1 1666
4.6985317841294325 -9.238166635679228 0.0 0.0 0.0 1 1666
-14.941650193030483 -8.0117062762782 0.0 0.0 0.0 1 1667
4.703967039542858 -11.525525970566626 0.0 0.0 0.0 1 1667
4.7034279126474985 -9.012526606100117 0.0 0.0 0.0 1 1667
-14.937869213097432 -6.186689163939793 0.0 0.0 0.0 1 1668
4.69946684582513 -11.271089006122866 1.5916115536487727e-05 0.00020220640951653778 0.0 2 1668
4.7017881440187566 -11.005215447328753 3.147393170194649e-06 0.00011697510884223757 0.0 2 1669
-14.839812005100168 -4.906526685080635 0.0 0.0 0.0 1 1670
4.836994503219428 -12.394668105277141 0.0 0.0 0.0 1 1670
4.775067659917561 -13.685359101563417 0.0 0.0 0.0 1 1671
4.770467753340049 -11.900439893267915 0.0 0.0 0.0 1 1671
4.708611790583442 -14.778808953243846 0.0 0.0 0.0 1 1672
-5.262226919538628 8.595966208555181 0.00013361249869898927 0.0002600113460131045 0.0 3 1673
4.707627694246222 -15.814597127667625 0.0 0.0 0.0 1 1674
4.702043365654728 -14.179857179961317 0.00014774550869298448 5.9677192555165895e-05 0.0 2 1674
4.70165154912662 -10.776184379388212 0.0 0.0 0.0 1 1674
4.7026596062944765 -7.184701314442965 0.0 0.0 0.0 1 1674
4.6875760257657975 -15.47051809892616 0.0 0.0 0.0 1 1675
4.710225739937308 -12.194568602865463 0.0 0.0 0.0 1 1675
4.710486857522 -16.592301523488665 0.0 0.0 0.0 1 1677
4.707019909889205 -8.297045565412976 0.0 0.0 0.0 1 1677
4.709287234600161 -16.236010090792107 0.0 0.0 0.0 1 1678
4.709856548538042 -17.135065583616385 0.0 0.0 0.0 1 1681
4.689942528160575 -16.791902277479707 0.0 0.0 0.0 1 1682
4.675119992473952 -13.888047043379206 0.0 0.0 0.0 1 1685
4.685601713782119 -18.441469699667852 0.0 0.0 0.0 1 1688
4.684500016694063 -19.062434209655116 0.0 0.0 0.0 1 1691
