1.4502217769622803
1.4537250995635986
1.4396941661834717
1.45394766330719
1.4534443616867065
1.4475980997085571
1.4505093097686768
1.4501538276672363
1.4533472061157227
1.4474660158157349
1.4420686960220337
1.453579306602478
1.4488604068756104
1.4517079591751099
1.4494633674621582
1.4484612941741943
1.4463415145874023
1.4432344436645508
1.4515165090560913
1.4471189975738525
1.4577289819717407
1.446848750114441
1.441510558128357
1.4517897367477417
1.4498696327209473
1.455871343612671
1.448043704032898
1.448359727859497
1.4449533224105835
1.4586344957351685
1.467908263206482
1.4465560913085938
1.4458436965942383
1.44888174533844
1.4536360502243042
1.4450970888137817
1.450873613357544
1.4630401134490967
1.4472148418426514
1.4567821025848389
1.4607847929000854
1.4544532299041748
1.447860836982727
1.4601982831954956
1.4529993534088135
1.4486160278320312
1.4587311744689941
1.4535988569259644
1.4552643299102783
1.4487429857254028
1.4594846963882446
1.4653390645980835
1.4533065557479858
1.4538731575012207
1.4600160121917725
1.4573216438293457
1.4547502994537354
1.4531939029693604
1.4543654918670654
1.458184003829956
1.4637662172317505
1.461753487586975
1.4651273488998413
1.4565846920013428
1.4634805917739868
1.4521863460540771
1.4638665914535522
1.4634000062942505
1.4485734701156616
1.4659041166305542
1.4562565088272095
1.450227975845337
1.461461067199707
1.4610751867294312
1.4575514793395996
1.4539247751235962
1.4552860260009766
1.4569553136825562
1.4619276523590088
1.458138108253479
1.466044545173645
1.46305513381958
1.456756353378296
1.4596502780914307
1.4588282108306885
1.4602981805801392
1.4603005647659302
1.4652338027954102
1.4618855714797974
1.4621012210845947
1.4618721008300781
1.4711904525756836
1.4624314308166504
1.4684165716171265
1.4585286378860474
1.4620243310928345
1.465416431427002
1.4617191553115845
1.4638489484786987
1.465091347694397
1.4674584865570068
1.4826064109802246
1.4732260704040527
1.4632394313812256
1.4755969047546387
1.4659076929092407
1.4630593061447144
1.4693135023117065
1.4614518880844116
1.4691963195800781
1.4706943035125732
1.468374490737915
1.4644886255264282
1.4748274087905884
1.4755339622497559
1.4734176397323608
1.4692437648773193
1.4722906351089478
1.476349115371704
1.4804017543792725
1.4799365997314453
1.4756299257278442
1.480175495147705
1.4773614406585693
1.471466302871704
1.4764641523361206
1.4726203680038452
1.477211356163025
1.4818999767303467
1.4810309410095215
1.4890670776367188
1.4815324544906616
1.475834608078003
1.4917994737625122
1.47868013381958
1.4903122186660767
1.4852137565612793
1.4781566858291626
1.478436827659607
1.4937876462936401
1.4869953393936157
1.4888924360275269
1.4853538274765015
1.489074468612671
1.4836066961288452
1.482617974281311
1.4930976629257202
1.504319429397583
1.486966848373413
1.5001754760742188
1.4964126348495483
1.4974316358566284
1.4907695055007935
1.4901851415634155
1.4931331872940063
1.5038962364196777
1.5012590885162354
1.4870104789733887
1.4991964101791382
1.509704828262329
1.5052481889724731
1.5031170845031738
1.4982951879501343
1.5035805702209473
1.5011831521987915
1.4911469221115112
1.5021058320999146
1.5067189931869507
1.5070793628692627
1.501304268836975
1.5108035802841187
1.5040490627288818
1.5010465383529663
1.5102518796920776
1.503551959991455
1.506333351135254
1.5044312477111816
1.5136280059814453
1.5024101734161377
1.5019115209579468
1.5117055177688599
1.514965295791626
1.5056884288787842
1.5173969268798828
1.514899730682373
1.5166609287261963
1.5141165256500244
1.5122716426849365
1.517992377281189
1.51665198802948
1.5167384147644043
1.5228406190872192
1.5275590419769287
1.5201513767242432
1.5254262685775757
1.516241431236267
1.5285404920578003
1.5264716148376465
1.5300712585449219
1.5261753797531128
1.5206223726272583
1.5323665142059326
1.5163277387619019
1.5303610563278198
1.5285940170288086
1.521667718887329
1.5263185501098633
1.5309114456176758
1.5307209491729736
1.5288910865783691
1.539482831954956
1.53398597240448
1.5269757509231567
1.5432428121566772
1.5348728895187378
1.5297694206237793
1.5480303764343262
1.539054036140442
1.5453108549118042
1.5395914316177368
1.5497914552688599
1.5492143630981445
1.5396623611450195
1.5403008460998535
1.541873574256897
1.5404952764511108
1.547835111618042
1.550916075706482
1.5513147115707397
1.5417277812957764
1.549685001373291
1.5555058717727661
1.5541094541549683
1.5522692203521729
1.5598703622817993
1.55438232421875
1.5613857507705688
1.5533864498138428
1.5574257373809814
1.5550434589385986
1.559658169746399
1.5602680444717407
1.5574778318405151
1.5614556074142456
1.5557518005371094
1.5563715696334839
1.564747929573059
1.572770118713379
1.5704693794250488
1.571852684020996
1.573302984237671
1.571216344833374
1.5770350694656372
1.565195918083191
1.5652204751968384
1.5716824531555176
1.568415641784668
1.5797417163848877
1.5798298120498657
1.5730478763580322
1.5726282596588135
1.5868866443634033
1.5895881652832031
1.583961844444275
1.5891441106796265
1.5795127153396606
1.5811914205551147
1.591783046722412
1.5886133909225464
1.58475923538208
1.597930669784546
1.594820261001587
1.592474102973938
1.6015104055404663
1.597704291343689
1.5967222452163696
1.5998774766921997
1.5978288650512695
1.5986284017562866
1.6035526990890503
1.5985162258148193
1.604035496711731
1.6034115552902222
1.5912550687789917
1.6045191287994385
1.6061345338821411
1.6114410161972046
1.6083223819732666
1.6037794351577759
1.6096947193145752
1.6153942346572876
1.6086779832839966
1.6204630136489868
1.6240676641464233
1.624409556388855
1.6223608255386353
1.6214133501052856
1.6177823543548584
1.6199414730072021
1.6262340545654297
1.6287871599197388
1.624464511871338
1.6296545267105103
1.6275098323822021
1.6488076448440552
1.6398417949676514
1.623676061630249
1.6368917226791382
1.637926459312439
1.632846474647522
1.6389397382736206
1.6481298208236694
1.643671989440918
1.6542010307312012
1.639149785041809
1.6515122652053833
1.640549659729004
1.657525658607483
1.6550605297088623
1.6485687494277954
1.6637729406356812
1.6575144529342651
1.6599844694137573
1.6575360298156738
1.6577526330947876
1.6602246761322021
1.6602065563201904
1.671808123588562
1.6655577421188354
1.6666085720062256
1.6655181646347046
1.6670145988464355
1.6732698678970337
1.6638257503509521
1.6732470989227295
1.6735140085220337
1.6812443733215332
1.6748632192611694
1.6749998331069946
1.6810717582702637
1.6848478317260742
1.6840941905975342
1.6915349960327148
1.6909794807434082
1.6973986625671387
1.6812340021133423
1.6941384077072144
1.6972533464431763
1.6973479986190796
1.692958116531372
1.703081727027893
1.6947499513626099
1.7049446105957031
1.7133407592773438
1.7134509086608887
1.7041490077972412
1.7109348773956299
1.7193869352340698
1.7126001119613647
1.7137024402618408
1.7225368022918701
1.7269419431686401
1.7181062698364258
1.7305446863174438
1.7225261926651
1.7288715839385986
1.7244038581848145
1.7343710660934448
1.7352454662322998
1.7330803871154785
1.7291048765182495
1.7435084581375122
1.7429569959640503
1.730185627937317
1.7431950569152832
1.7416085004806519
1.7460076808929443
1.7502200603485107
1.759103536605835
1.7512941360473633
1.7528538703918457
1.7542155981063843
1.7579829692840576
1.7613164186477661
1.7622044086456299
1.7540878057479858
1.7656835317611694
1.766737699508667
1.7747166156768799
1.7760440111160278
1.77347993850708
1.7867677211761475
1.7746188640594482
1.7758502960205078
1.7819041013717651
1.7801941633224487
1.7865179777145386
1.7804900407791138
1.7979912757873535
1.7845704555511475
1.7968231439590454
1.7859737873077393
1.794148325920105
1.801585078239441
1.8151466846466064
1.8061187267303467
1.808227777481079
1.8081703186035156
1.815137505531311
1.8093351125717163
1.8075356483459473
1.8170548677444458
1.816332459449768
1.8176349401474
1.8269866704940796
1.8298758268356323
1.8240352869033813
1.823609709739685
1.8358092308044434
1.8360166549682617
1.8372392654418945
1.8338563442230225
1.8470633029937744
1.841989517211914
1.8491132259368896
1.8396652936935425
1.853898286819458
1.8408104181289673
1.8602104187011719
1.8547391891479492
1.8683363199234009
1.8583621978759766
1.8680745363235474
1.8601961135864258
1.8642175197601318
1.8640401363372803
1.8746486902236938
1.874910831451416
1.8771380186080933
1.8782079219818115
1.8820369243621826
1.876668930053711
1.8904224634170532
1.8902335166931152
1.89106285572052
1.8887598514556885
1.9049417972564697
1.8885995149612427
1.8998595476150513
1.901548147201538
1.9125226736068726
1.9111201763153076
1.9122406244277954
1.9038023948669434
1.9077390432357788
1.9184627532958984
1.9272352457046509
1.93408203125
1.9358717203140259
1.9260354042053223
1.929801106452942
1.9345998764038086
1.9406012296676636
1.9373445510864258
1.9466150999069214
1.9433437585830688
1.9470900297164917
1.9580299854278564
1.9548271894454956
1.9616742134094238
1.955862045288086
1.9635685682296753
1.966749906539917
1.9639376401901245
1.9708760976791382
1.9789782762527466
1.9779783487319946
1.9716711044311523
1.9787743091583252
1.9870648384094238
1.9854481220245361
1.9871134757995605
1.9962303638458252
1.9995956420898438
1.9992315769195557
1.9953595399856567
2.015918731689453
2.0033364295959473
2.0138955116271973
2.0090818405151367
2.0249435901641846
2.015347719192505
2.026381731033325
2.021685838699341
2.0395758152008057
2.044180393218994
2.0450704097747803
2.0438425540924072
2.045954942703247
2.0473811626434326
2.055022716522217
2.0578019618988037
2.0615603923797607
2.0623867511749268
2.0641894340515137
2.0782546997070312
2.06809139251709
2.0760650634765625
2.0793330669403076
2.08966326713562
2.087477684020996
2.0853421688079834
2.08530592918396
2.093747615814209
2.0985634326934814
2.101900100708008
2.103178024291992
2.1123416423797607
2.1081504821777344
2.1116979122161865
2.113267421722412
2.1197903156280518
2.1195218563079834
2.134169340133667
2.1291866302490234
2.135876178741455
2.145383834838867
2.1398749351501465
2.1540322303771973
2.1449058055877686
2.1662673950195312
2.157071113586426
2.1709940433502197
2.16548228263855
2.1662425994873047
2.175222396850586
2.1822304725646973
2.177752733230591
2.186479330062866
2.20002818107605
2.1930525302886963
2.204583168029785
2.2042124271392822
2.2033441066741943
2.2178094387054443
2.2159805297851562
2.213663339614868
2.220148801803589
2.2173850536346436
2.226132869720459
2.2380080223083496
2.239433526992798
2.234586477279663
2.250889539718628
2.2449746131896973
2.243245840072632
2.264803409576416
2.2675294876098633
2.2679333686828613
2.272066831588745
2.2609424591064453
2.2756426334381104
2.2797558307647705
2.2891881465911865
2.292543888092041
2.301560401916504
2.2868759632110596
2.3164424896240234
2.317976951599121
2.309605836868286
2.313019275665283
2.3236443996429443
2.3199779987335205
2.335559606552124
2.3353676795959473
2.3455493450164795
2.3485286235809326
2.352971315383911
2.357699155807495
2.3574352264404297
2.3632259368896484
2.3694329261779785
2.3872315883636475
2.3732681274414062
2.3933422565460205
2.3833398818969727
2.400289535522461
2.402275800704956
2.400465250015259
2.411559820175171
2.4165849685668945
2.4188907146453857
2.4214565753936768
2.433439016342163
2.4307639598846436
2.4469823837280273
2.448479175567627
2.451115369796753
2.4603493213653564
2.466063976287842
2.474259376525879
2.4695236682891846
2.4725568294525146
2.4721860885620117
2.478965997695923
2.501192569732666
2.506443738937378
2.5084545612335205
2.5195887088775635
2.5238282680511475
2.5191497802734375
2.5227479934692383
2.543710470199585
2.537357807159424
2.552480697631836
2.5480239391326904
2.5566532611846924
2.563973903656006
2.567539930343628
2.572181224822998
2.583564043045044
2.587470769882202
2.5951709747314453
2.5955474376678467
2.597506046295166
2.6135194301605225
2.611071825027466
2.6311724185943604
2.627563714981079
2.631654977798462
2.6393795013427734
2.653296947479248
2.658785104751587
2.671400547027588
2.6767148971557617
2.670877456665039
2.681429862976074
2.6832547187805176
2.683528184890747
2.7006967067718506
2.7014880180358887
2.7194769382476807
2.7281196117401123
2.721193790435791
2.7322542667388916
2.7405242919921875
2.743406295776367
2.7605831623077393
2.759124994277954
2.758873224258423
2.772486448287964
2.778343915939331
2.7865164279937744
2.799070119857788
2.7996790409088135
2.8002424240112305
2.82555890083313
2.8310184478759766
2.838839292526245
2.8472917079925537
2.8504934310913086
2.855537176132202
2.8610525131225586
2.8683714866638184
2.8747429847717285
2.888918161392212
2.890089273452759
2.901411533355713
2.913905143737793
2.918975830078125
2.9230241775512695
2.9401254653930664
2.945673942565918
2.9626352787017822
2.9588494300842285
2.9692399501800537
2.9755396842956543
2.9795093536376953
2.9959259033203125
2.9966630935668945
3.0082008838653564
3.0200412273406982
3.0275158882141113
3.034045457839966
3.0529229640960693
3.0485029220581055
3.0559639930725098
3.071775197982788
3.0866751670837402
3.093553066253662
3.107619524002075
3.113675832748413
3.1253974437713623
3.1312479972839355
3.140221357345581
3.1464622020721436
3.155585765838623
3.1666085720062256
3.1795969009399414
3.186450242996216
3.1968307495117188
3.201328754425049
3.2174999713897705
2.8332226276397705
2.8221285343170166
2.81809663772583
2.808840274810791
2.8003737926483154
2.7991716861724854
2.7911267280578613
2.7831430435180664
2.7893102169036865
2.780690908432007
2.782219171524048
2.7741682529449463
2.7725260257720947
2.761579751968384
2.7731995582580566
2.7598724365234375
2.769911289215088
2.7657904624938965
2.7615866661071777
2.7606422901153564
2.7575297355651855
2.7658870220184326
2.7547378540039062
2.766547441482544
2.7586584091186523
2.762518882751465
2.760758876800537
2.773420572280884
2.767112970352173
2.763633966445923
2.770378589630127
2.7688050270080566
2.7801692485809326
2.780956506729126
2.7784602642059326
2.7829220294952393
2.7861673831939697
2.7940518856048584
2.7915501594543457
2.799616813659668
2.813547372817993
2.8170621395111084
2.831075668334961
2.8358347415924072
3.7590789794921875
3.766849994659424
3.776148557662964
3.792121171951294
3.8120827674865723
3.8173770904541016
3.822845935821533
3.8454995155334473
3.8573083877563477
3.8797168731689453
3.8942174911499023
3.9127328395843506
3.9278340339660645
3.942211866378784
3.9588420391082764
3.9820287227630615
3.986830472946167
4.011814117431641
4.03321647644043
4.057241916656494
4.037868499755859
4.065290451049805
4.088835716247559
4.098153114318848
4.121647357940674
4.146090507507324
4.163783073425293
4.178680896759033
4.196113109588623
4.223204135894775
4.232483386993408
4.25315523147583
4.257791996002197
4.275481224060059
4.294106960296631
4.320040225982666
4.334489345550537
4.362011432647705
4.386444568634033
4.416723728179932
4.4211344718933105
4.449209213256836
4.450035572052002
4.472845077514648
4.501346111297607
4.508280277252197
4.542082786560059
4.570174694061279
4.594261169433594
4.624950408935547
4.640557765960693
4.67300271987915
4.662760257720947
4.692727565765381
4.7136125564575195
4.734748363494873
4.775502681732178
4.79484224319458
4.8169636726379395
4.849939346313477
4.871143817901611
4.865506172180176
4.913916110992432
4.930487632751465
4.961832046508789
4.992657661437988
5.0222978591918945
5.051263809204102
5.079502582550049
5.079641342163086
5.1078200340271
5.144310474395752
5.163579940795898
5.19299840927124
5.233767986297607
5.269876480102539
5.302576541900635
5.305568695068359
5.333567142486572
5.37150239944458
5.409090042114258
5.44135856628418
5.485320091247559
5.51584005355835
5.522180080413818
5.554087162017822
5.584203720092773
5.618559837341309
5.677341461181641
5.710317134857178
5.7430243492126465
5.775893688201904
5.789463996887207
5.828672409057617
5.8650383949279785
5.910380840301514
5.95432710647583
6.002521991729736
6.001719951629639
6.035224437713623
6.091719627380371
6.136328220367432
6.186169624328613
6.234038829803467
6.292043209075928
6.283146381378174
6.331079959869385
6.376800060272217
6.424567222595215
6.481190204620361
6.536491394042969
6.58937931060791
6.589242935180664
6.64000129699707
6.7001872062683105
6.762552738189697
6.808937072753906
6.8667097091674805
6.87786865234375
6.938526153564453
6.9956374168396
7.058792591094971
7.121015548706055
7.189897060394287
7.181624889373779
7.2506818771362305
7.305122375488281
7.38385009765625
7.455806255340576
7.537759304046631
7.608157634735107
7.593001365661621
7.674407958984375
7.737663269042969
7.830170631408691
7.903213977813721
7.982244968414307
7.992814540863037
8.063468933105469
8.149133682250977
8.24473762512207
8.331740379333496
8.328631401062012
8.416194915771484
8.519335746765137
8.60339641571045
8.698943138122559
8.801833152770996
8.78933048248291
8.899348258972168
9.010303497314453
9.107430458068848
9.23296070098877
9.333950996398926
9.345561027526855
9.448261260986328
9.56896686553955
9.688577651977539
9.811989784240723
9.942225456237793
9.9418363571167
10.070695877075195
10.193547248840332
10.342496871948242
10.48788070678711
10.487643241882324
10.626846313476562
10.781800270080566
10.940869331359863
11.09548282623291
11.250997543334961
11.255317687988281
11.425026893615723
11.60600757598877
11.775148391723633
11.963211059570312
11.963807106018066
12.153645515441895
12.34994125366211
12.566254615783691
12.770959854125977
12.996895790100098
12.987698554992676
13.215566635131836
13.455595970153809
13.703136444091797
13.949110984802246
13.948027610778809
12.603072166442871
12.580554008483887
12.577308654785156
12.558432579040527
12.556684494018555
12.560872077941895
12.567684173583984
12.57449722290039
12.599899291992188
16.749725341796875
16.741233825683594
17.130779266357422
17.531150817871094
17.94968032836914
18.387956619262695
18.387027740478516
18.84707260131836
19.333595275878906
19.84484100341797
20.400047302246094
20.392953872680664
20.973363876342773
21.568981170654297
22.221033096313477
22.892786026000977
22.882774353027344
16.92783546447754
16.9158935546875
16.923330307006836
16.914297103881836
16.91411590576172
16.916994094848633
16.948762893676758
16.94102668762207
16.934749603271484
16.935436248779297
16.938457489013672
16.934890747070312
16.92914390563965
16.930252075195312
16.932769775390625
16.932294845581055
16.92567253112793
16.922975540161133
16.926448822021484
16.93085289001465
16.93312644958496
16.930540084838867
16.923343658447266
16.917728424072266
16.926616668701172
16.923974990844727
16.920671463012695
16.915403366088867
16.91961669921875
16.91688346862793
16.917688369750977
16.926408767700195
16.930225372314453
16.913570404052734
16.910999298095703
16.91794204711914
16.917301177978516
16.917226791381836
16.91876792907715
16.925580978393555
16.923625946044922
16.92231559753418
16.934829711914062
16.91143798828125
16.928035736083984
16.91486167907715
16.921472549438477
16.92068862915039
16.9169921875
16.918567657470703
16.920574188232422
16.92156219482422
16.92542266845703
16.9300537109375
16.918296813964844
16.9290714263916
16.924598693847656
16.921981811523438
16.92068862915039
16.918895721435547
16.9315128326416
16.92803955078125
16.927297592163086
16.923147201538086
16.931093215942383
16.933425903320312
16.93790054321289
16.93875503540039
16.928668975830078
16.933717727661133
16.929170608520508
16.94819450378418
16.934104919433594
16.942550659179688
16.91383934020996
16.919218063354492
16.920978546142578
16.9202823638916
16.926193237304688
16.930004119873047
35.626895904541016
35.624576568603516
35.62635803222656
35.63188934326172
35.6346321105957
35.645748138427734
35.64839172363281
35.65958023071289
35.657108306884766
35.65515899658203
35.669921875
35.673160552978516
35.66609191894531
35.68785858154297
35.68639373779297
35.68913650512695
35.70474624633789
35.70045471191406
35.70970153808594
35.711463928222656
35.72225570678711
35.71925735473633
35.72591781616211
35.71965026855469
35.73503494262695
35.73966979980469
35.74905014038086
35.75337219238281
35.75983428955078
35.75422668457031
35.776798248291016
35.7899169921875
35.783905029296875
35.79582595825195
35.79642105102539
35.803714752197266
35.810218811035156
35.82039260864258
35.829524993896484
35.831974029541016
35.84192657470703
35.853965759277344
35.85891342163086
35.8643684387207
35.85916519165039
35.88285827636719
35.89102554321289
35.89704132080078
35.90188217163086
35.91770553588867
35.92063522338867
35.91792297363281
35.93855285644531
35.94452667236328
35.950931549072266
35.95405960083008
35.96293258666992
35.97810745239258
35.983299255371094
35.990440368652344
36.008541107177734
36.00285339355469
36.02000427246094
36.02217102050781
36.04861068725586
36.04890823364258
36.063087463378906
36.07027816772461
36.09111404418945
36.090450286865234
36.09785079956055
36.11439895629883
36.115596771240234
36.125091552734375
36.131046295166016
36.139892578125
36.17656707763672
36.17546081542969
36.191505432128906
36.18559265136719
36.20610427856445
36.22051239013672
36.217384338378906
36.244117736816406
36.25112533569336
36.254817962646484
36.273563385009766
36.280487060546875
36.29315185546875
36.309696197509766
36.32439422607422
36.32207107543945
36.335289001464844
36.358665466308594
26.642515182495117
26.617704391479492
26.624439239501953
26.61832618713379
26.652109146118164
36.42920684814453
26.48396110534668
26.396846771240234
26.050758361816406
26.016887664794922
26.017667770385742
26.031841278076172
26.040210723876953
26.04446029663086
26.064315795898438
26.07171630859375
26.08599853515625
26.09080696105957
26.100770950317383
26.098857879638672
26.126293182373047
36.644561767578125
36.67402648925781
36.67134094238281
36.68387985229492
36.70497131347656
36.718345642089844
36.7445182800293
36.75916290283203
36.77338790893555
36.793025970458984
36.79252243041992
36.80433654785156
36.8227424621582
36.84525680541992
36.869163513183594
36.8869743347168
36.906768798828125
36.90494155883789
36.9232177734375
36.93927001953125
36.953224182128906
36.967323303222656
36.99581527709961
37.017738342285156
37.03801345825195
37.03157424926758
37.06264114379883
37.07468795776367
37.09235763549805
37.11479568481445
37.130401611328125
37.153846740722656
37.1756706237793
37.17495346069336
37.187252044677734
18.953079223632812
18.901123046875
18.874542236328125
18.8817138671875
18.87903594970703
18.915590286254883
18.9162654876709
19.142166137695312
19.153335571289062
18.838546752929688
18.78533172607422
18.79302978515625
18.796791076660156
18.81746482849121
18.827289581298828
18.83095359802246
18.839584350585938
18.842945098876953
18.86977767944336
18.86936378479004
18.8814640045166
18.885334014892578
18.914888381958008
18.923900604248047
18.925174713134766
18.92452049255371
19.755176544189453
19.806514739990234
19.813095092773438
19.821533203125
19.840717315673828
19.852094650268555
19.859012603759766
19.864477157592773
19.87811851501465
19.903358459472656
19.893075942993164
19.908855438232422
19.927471160888672
19.93431282043457
19.944416046142578
19.958900451660156
19.982507705688477
19.996374130249023
20.000789642333984
20.00590705871582
20.033451080322266
20.04086685180664
20.049463272094727
20.06583595275879
20.07061004638672
20.07172393798828
20.082794189453125
20.081274032592773
20.128503799438477
17.479183197021484
17.408756256103516
17.41436195373535
17.409284591674805
17.336210250854492
17.322097778320312
17.336162567138672
17.1280460357666
16.93675994873047
16.939468383789062
16.97939109802246
16.986608505249023
16.995603561401367
16.998525619506836
17.009868621826172
17.01972007751465
17.03484344482422
17.041749954223633
17.049474716186523
17.072643280029297
17.082313537597656
17.092254638671875
17.11157989501953
17.124303817749023
17.130413055419922
17.138654708862305
17.161828994750977
17.182968139648438
17.185550689697266
17.1995849609375
17.207212448120117
17.224348068237305
17.229639053344727
17.244108200073242
17.257463455200195
17.276477813720703
17.28702735900879
17.302873611450195
17.31664276123047
17.306211471557617
17.316617965698242
17.372089385986328
17.37727165222168
17.39311981201172
17.41401481628418
17.423730850219727
17.430328369140625
17.447980880737305
14.764450073242188
14.713773727416992
14.66895866394043
14.680624008178711
14.697270393371582
14.651126861572266
14.606905937194824
14.592513084411621
14.598743438720703
14.617612838745117
14.619637489318848
14.394474983215332
14.232621192932129
14.212056159973145
14.267658233642578
14.269315719604492
14.272080421447754
14.284528732299805
14.295037269592285
14.3131103515625
12.299603462219238
12.27154541015625
12.228148460388184
12.212586402893066
12.218276977539062
12.22705364227295
12.2332763671875
12.257171630859375
12.25691032409668
12.255035400390625
11.935066223144531
11.897893905639648
11.880528450012207
11.886333465576172
11.90037727355957
11.915427207946777
11.922106742858887
11.925712585449219
11.936342239379883
11.95432186126709
11.962519645690918
11.958036422729492
11.983160018920898
11.987284660339355
11.994272232055664
12.015085220336914
12.038054466247559
12.045392990112305
12.057295799255371
12.065916061401367
12.081344604492188
12.07530689239502
12.09199047088623
12.105636596679688
12.116480827331543
14.801323890686035
14.81170654296875
14.833308219909668
14.844807624816895
14.849342346191406
14.870299339294434
14.899296760559082
14.891104698181152
14.904166221618652
14.92388916015625
14.932124137878418
14.95084285736084
14.969805717468262
14.983092308044434
14.991121292114258
15.019536972045898
12.151534080505371
12.113116264343262
12.08314323425293
12.070442199707031
12.077141761779785
12.10932445526123
12.068305015563965
12.025079727172852
11.999815940856934
11.99951457977295
12.00866413116455
12.018135070800781
12.032092094421387
12.047846794128418
11.837464332580566
11.807832717895508
11.785913467407227
11.6732177734375
11.653159141540527
11.650803565979004
11.690979957580566
11.704816818237305
11.725818634033203
11.729836463928223
11.744425773620605
11.760903358459473
11.77126407623291
11.80252742767334
11.7923002243042
11.811079978942871
11.824531555175781
11.820396423339844
11.838683128356934
11.858851432800293
11.879251480102539
11.880159378051758
11.895915985107422
11.905362129211426
11.91988754272461
11.938447952270508
11.958562850952148
11.967986106872559
11.994383811950684
12.00214672088623
12.017627716064453
12.015989303588867
12.0537748336792
12.068225860595703
12.067182540893555
12.080052375793457
12.096826553344727
12.115039825439453
12.122390747070312
12.143946647644043
12.157243728637695
12.167237281799316
12.183784484863281
12.183067321777344
12.181655883789062
12.203837394714355
12.258774757385254
12.269766807556152
12.282679557800293
12.316385269165039
12.325760841369629
12.329399108886719
12.357704162597656
12.373639106750488
12.396943092346191
12.398717880249023
12.419088363647461
12.438880920410156
12.444493293762207
12.458152770996094
12.473527908325195
12.492308616638184
12.50032901763916
12.523200988769531
12.538126945495605
12.56459903717041
12.578031539916992
12.592733383178711
12.61815357208252
12.633832931518555
12.641422271728516
12.658798217773438
12.698147773742676
12.69431209564209
12.704447746276855
12.734208106994629
12.74202823638916
12.782743453979492
12.7781343460083
12.76008129119873
12.80501937866211
12.816776275634766
12.842116355895996
12.862492561340332
12.886004447937012
12.901280403137207
12.91339111328125
12.924918174743652
12.952310562133789
12.955866813659668
12.977320671081543
12.998072624206543
13.011578559875488
13.047201156616211
13.059131622314453
13.082562446594238
13.091835021972656
13.121310234069824
13.122476577758789
13.159308433532715
9.388246536254883
9.349142074584961
9.328012466430664
9.323262214660645
9.316924095153809
9.309986114501953
9.308531761169434
9.305342674255371
9.314467430114746
9.319002151489258
9.319541931152344
9.331616401672363
9.348943710327148
9.380375862121582
13.47236442565918
13.499310493469238
13.516631126403809
13.539867401123047
13.564838409423828
13.579620361328125
13.593546867370605
13.623586654663086
13.634143829345703
13.64156723022461
9.475704193115234
9.461101531982422
9.439338684082031
9.418328285217285
9.414586067199707
9.395914077758789
9.377396583557129
9.36291790008545
9.362236022949219
9.37821102142334
9.40664291381836
9.41150951385498
9.398361206054688
9.38064956665039
9.360922813415527
9.34964656829834
9.34356689453125
9.317127227783203
9.314067840576172
9.302889823913574
9.28327465057373
9.27903938293457
9.254347801208496
9.242912292480469
9.231088638305664
9.218932151794434
9.210979461669922
9.191290855407715
9.169175148010254
9.164018630981445
9.149917602539062
9.14552116394043
9.121969223022461
9.115318298339844
9.102226257324219
9.098191261291504
9.081589698791504
9.062446594238281
9.056599617004395
9.03659725189209
9.019735336303711
9.015305519104004
9.003767013549805
8.992432594299316
8.976860046386719
8.963589668273926
8.962080955505371
8.934711456298828
8.940801620483398
8.90794849395752
8.903347969055176
8.892831802368164
8.88107967376709
8.880998611450195
8.871418952941895
8.84748649597168
8.829967498779297
8.827058792114258
8.811141014099121
8.804117202758789
8.784723281860352
8.765546798706055
8.771485328674316
8.75252914428711
8.744956970214844
8.737618446350098
8.712278366088867
8.700220108032227
8.704948425292969
8.6983060836792
8.682491302490234
8.668577194213867
8.660372734069824
8.64410400390625
8.626603126525879
8.631441116333008
8.615771293640137
8.599273681640625
8.593859672546387
8.5889310836792
8.565842628479004
8.559592247009277
8.562895774841309
8.542428970336914
8.526196479797363
8.522896766662598
8.513903617858887
8.512906074523926
8.494035720825195
8.48279094696045
8.4707612991333
8.463689804077148
8.454428672790527
8.442673683166504
8.443910598754883
8.421778678894043
8.410889625549316
8.402098655700684
8.388792037963867
8.386661529541016
8.370532035827637
8.37122917175293
8.350959777832031
8.341726303100586
8.33857250213623
8.317914962768555
8.313220977783203
8.31693172454834
8.300020217895508
8.287202835083008
8.277791976928711
8.275121688842773
8.256057739257812
8.257305145263672
8.253071784973145
8.235994338989258
8.225988388061523
8.214484214782715
8.213869094848633
8.210948944091797
8.195444107055664
8.190881729125977
8.176958084106445
8.17554759979248
8.159218788146973
8.15397834777832
8.149604797363281
8.139898300170898
8.133007049560547
8.120206832885742
8.112923622131348
8.108354568481445
8.091215133666992
8.085149765014648
8.064618110656738
8.072994232177734
8.061863899230957
8.051234245300293
8.036316871643066
8.034211158752441
8.033226013183594
8.014565467834473
8.008642196655273
8.011515617370605
7.990609645843506
7.988306999206543
7.987770080566406
7.969264984130859
7.969344139099121
7.961748123168945
7.941140651702881
7.940528392791748
7.929399013519287
7.935454845428467
7.91947603225708
7.910371780395508
7.910290241241455
7.896738052368164
7.903743267059326
7.88975715637207
7.883638381958008
7.87518835067749
7.856616020202637
7.8539838790893555
7.8480610847473145
6.714195251464844
6.717258453369141
6.707550048828125
6.698542594909668
6.700864791870117
6.684391021728516
6.683588027954102
6.67787504196167
6.671255588531494
6.652276039123535
6.6528143882751465
6.678586006164551
6.691693305969238
6.73195743560791
6.752633571624756
6.771388053894043
6.766221046447754
6.763306617736816
6.752278804779053
6.74543571472168
6.743771076202393
6.733119964599609
6.7300333976745605
6.7209696769714355
6.725916862487793
6.712285041809082
6.708771705627441
6.706282138824463
6.697686672210693
6.687747478485107
6.692757606506348
6.679426670074463
6.535294532775879
6.5407490730285645
6.525124549865723
6.526438236236572
6.522460460662842
6.51734733581543
6.501893520355225
6.499166011810303
6.4881591796875
6.485527515411377
6.485682010650635
6.498135089874268
6.528440475463867
6.551016807556152
6.575289249420166
6.5939621925354
6.615175247192383
6.635913372039795
6.654318809509277
6.67759370803833
6.710272789001465
6.726457595825195
6.7523016929626465
6.766854286193848
6.794033527374268
6.824459552764893
6.840643405914307
6.869389057159424
6.886801719665527
6.920774936676025
7.459962368011475
7.450356960296631
7.446032524108887
7.45038366317749
7.442669868469238
7.429882049560547
7.427022457122803
7.4257097244262695
7.418359279632568
7.4124884605407715
7.415019989013672
7.4050726890563965
7.396313190460205
7.390336513519287
7.386327266693115
7.385008811950684
7.386455059051514
7.362924098968506
7.369566440582275
7.3666672706604
7.364222526550293
7.3566179275512695
7.362928867340088
7.350761890411377
7.334721565246582
7.333367347717285
7.33537483215332
7.3368682861328125
7.332015514373779
7.31298303604126
7.314891815185547
7.317805767059326
7.304965019226074
7.303831577301025
7.298633575439453
7.289926052093506
7.286377429962158
7.27496862411499
7.2721099853515625
7.2709479331970215
7.2700395584106445
7.267665386199951
7.264427661895752
7.259340763092041
7.247696876525879
7.252522945404053
7.2384819984436035
7.2360663414001465
7.2455644607543945
7.228827953338623
7.222665309906006
7.22774076461792
7.219639778137207
7.211129188537598
7.22244930267334
7.202101230621338
7.207213878631592
7.200159549713135
7.198914051055908
7.189242839813232
7.191225528717041
7.179614543914795
7.180456638336182
7.177998065948486
7.180479526519775
7.1716084480285645
7.161202430725098
7.163046836853027
7.160334587097168
7.154595375061035
7.159544944763184
7.146024227142334
7.148163318634033
7.1464619636535645
7.137263774871826
7.139848709106445
7.126697063446045
7.123046398162842
7.044718265533447
7.052684783935547
7.047018527984619
7.037233829498291
7.034256458282471
7.042993068695068
7.032454490661621
7.0231099128723145
7.031708717346191
7.012815952301025
7.015448570251465
7.012643337249756
7.010944366455078
7.014952182769775
7.0332231521606445
7.070919990539551
7.0585551261901855
7.069310665130615
7.070088863372803
7.064694404602051
7.066707611083984
7.0570573806762695
7.04844856262207
7.049408912658691
7.039217472076416
7.0491719245910645
7.045678615570068
7.035471439361572
7.028212070465088
7.026008605957031
7.03535795211792
7.020074367523193
7.025951862335205
7.016150951385498
7.016901969909668
7.015212059020996
7.009738922119141
7.006107330322266
7.007297515869141
7.008784294128418
6.997394561767578
6.995290756225586
6.986333847045898
6.992173194885254
6.997265815734863
6.985385417938232
6.976807117462158
6.975395679473877
6.983543395996094
6.974174499511719
6.967034816741943
6.9656758308410645
6.965425968170166
6.974310874938965
6.964147567749023
6.9708027839660645
6.9642486572265625
6.953770160675049
6.949999809265137
6.952059268951416
6.942075252532959
6.958325386047363
6.936412811279297
6.940692901611328
6.946263790130615
6.945406913757324
6.9312334060668945
6.933459758758545
6.937655925750732
6.941836833953857
6.927107810974121
6.922802448272705
6.921313762664795
6.9147186279296875
6.930415153503418
6.923924446105957
6.912697792053223
6.914862155914307
6.921402931213379
6.905839920043945
6.906855583190918
6.90140438079834
6.909259796142578
6.902778625488281
6.900909423828125
6.907130718231201
6.899786949157715
6.896887302398682
6.896666049957275
6.886713981628418
6.898634910583496
6.888570308685303
6.886785984039307
6.887135982513428
6.8840651512146
6.881289958953857
6.87546443939209
6.8868088722229
6.886230945587158
6.87029504776001
6.873979568481445
6.869541645050049
6.8771843910217285
6.874408721923828
6.8618998527526855
6.877922058105469
6.865653991699219
6.867791652679443
6.867693901062012
6.855801582336426
6.863900661468506
6.860291481018066
6.851047992706299
6.861297607421875
6.85291862487793
6.851423740386963
6.847363471984863
6.847114086151123
6.848972320556641
6.847139358520508
6.8437819480896
6.838568687438965
6.848043918609619
6.843132019042969
6.8404436111450195
6.836707592010498
6.842004776000977
6.838287830352783
6.837801933288574
6.836142063140869
6.83561372756958
6.830521583557129
6.832452774047852
6.825735092163086
6.830229759216309
6.827328681945801
6.8347978591918945
6.824577808380127
6.817899703979492
6.83167839050293
6.82050085067749
6.828139781951904
6.829269886016846
6.8232574462890625
6.825257778167725
6.826383590698242
6.817447662353516
6.817362308502197
6.817906856536865
6.818111419677734
6.81740665435791
6.806490421295166
6.81820011138916
6.817831039428711
6.8180766105651855
6.809467315673828
6.821512222290039
6.819067001342773
6.817294597625732
6.814352989196777
6.816979885101318
6.812236309051514
6.806884288787842
6.80260705947876
6.8164591789245605
6.800522804260254
6.801494121551514
6.811130046844482
6.805729389190674
6.807060241699219
6.809630393981934
6.810718059539795
6.810915946960449
6.813148021697998
6.807389736175537
6.803462982177734
6.798994064331055
6.809011459350586
6.807254791259766
6.803521633148193
6.801523685455322
6.812847137451172
6.795998573303223
6.799837589263916
6.81080436706543
6.803308010101318
6.806270122528076
6.8038153648376465
6.798794746398926
6.806730270385742
6.796167850494385
6.791345596313477
6.796452045440674
6.799659729003906
6.803563594818115
6.8069047927856445
6.8002848625183105
6.811737060546875
6.790463447570801
6.799900531768799
6.796864986419678
6.795276165008545
6.815088748931885
6.799747467041016
6.791374683380127
6.79980993270874
6.797043800354004
6.805510997772217
6.801802158355713
6.804427623748779
6.807231426239014
6.805476188659668
6.805764198303223
6.80002498626709
6.79996395111084
6.815102577209473
6.803443431854248
6.810942649841309
6.805488109588623
6.8056511878967285
6.810637474060059
6.804487228393555
6.80742883682251
6.8069634437561035
6.811683654785156
6.816258907318115
6.817253589630127
6.817455768585205
6.812733173370361
6.813900947570801
6.808495044708252
6.815239906311035
6.814505100250244
6.823263168334961
6.820499897003174
6.819102764129639
6.815288066864014
6.8178486824035645
6.826080799102783
6.823549270629883
6.813323020935059
6.819347381591797
6.823816776275635
6.832035064697266
6.830798149108887
6.833670139312744
6.8331522941589355
6.833306312561035
6.823300361633301
6.83451509475708
6.832095623016357
6.8308258056640625
6.840103626251221
6.827609539031982
6.83241605758667
6.8382248878479
6.834354400634766
6.837148189544678
6.846476078033447
6.847460746765137
6.843667030334473
6.850690841674805
6.842734336853027
6.851054668426514
6.850526809692383
6.848031997680664
6.84637975692749
6.851429462432861
6.858417987823486
6.853641510009766
6.853874683380127
6.844379901885986
6.857606410980225
6.85465669631958
6.841831684112549
6.853760719299316
6.866582870483398
6.862545967102051
6.863145351409912
6.864613056182861
6.864887237548828
6.8719258308410645
6.872826099395752
6.872075080871582
6.877617835998535
6.865169525146484
6.875337600708008
6.888699531555176
6.885278701782227
6.890827655792236
6.883230209350586
6.881211757659912
6.887248992919922
6.886223316192627
6.8909430503845215
6.892830848693848
6.893223285675049
6.898349285125732
6.902929306030273
6.8972344398498535
6.902456283569336
6.903911113739014
6.900034427642822
6.90656042098999
6.920526027679443
6.914558410644531
6.918304920196533
6.915081977844238
6.913059234619141
6.922646999359131
6.9232497215271
6.9323601722717285
6.92753791809082
6.922653675079346
6.937252998352051
6.925824165344238
6.931346416473389
6.93344259262085
6.93527889251709
6.934571266174316
6.944901943206787
6.9411516189575195
6.947103023529053
6.944283962249756
6.961291790008545
6.9491286277771
6.961320400238037
6.962657928466797
6.962669372558594
6.967410564422607
6.968547344207764
6.965732574462891
6.966461181640625
6.971961498260498
6.979317665100098
6.979270935058594
6.977502822875977
6.98577356338501
6.983401775360107
6.993363380432129
7.005610466003418
6.990740776062012
7.004565238952637
6.996893405914307
7.009940147399902
7.00587272644043
7.007080078125
6.998432159423828
7.016261100769043
7.014026165008545
7.020275115966797
7.015344142913818
7.018085479736328
7.025618076324463
7.030501365661621
7.0293145179748535
7.034262180328369
7.031696319580078
7.044375896453857
7.039900302886963
7.047819137573242
7.048760414123535
7.050732135772705
7.054082870483398
7.061665058135986
7.071266174316406
7.07121467590332
7.061166763305664
7.069765090942383
7.069883823394775
7.078630447387695
7.081363677978516
7.094222545623779
7.099549770355225
7.098464488983154
7.096771717071533
7.094968318939209
7.099605083465576
7.108165740966797
7.109945774078369
7.106733322143555
7.115144729614258
7.1115336418151855
7.115285873413086
7.127853870391846
7.1356000900268555
7.137678146362305
7.141237258911133
7.139616966247559
7.148725509643555
7.146629810333252
7.146204948425293
7.161040306091309
7.15561580657959
7.151690483093262
7.1618733406066895
7.172696590423584
7.173743724822998
7.174229621887207
7.177523136138916
7.188745498657227
7.179881572723389
7.19738245010376
7.180905342102051
7.204314708709717
7.196630477905273
7.209572792053223
7.172055721282959
7.140695571899414
7.142566204071045
7.156259059906006
7.1534647941589355
7.15580415725708
7.154926776885986
7.163464069366455
7.172109127044678
7.16946268081665
7.17745304107666
7.187520503997803
7.187195301055908
7.197116374969482
7.197478294372559
7.201438903808594
7.280693054199219
7.289308547973633
7.287290573120117
7.285872459411621
7.284275531768799
7.305856227874756
7.303254127502441
7.305834770202637
7.309464931488037
7.319798946380615
7.32546854019165
7.335249423980713
7.3424224853515625
7.333068370819092
7.336447715759277
7.338559627532959
7.3391547203063965
7.352684020996094
7.355226993560791
7.371819972991943
7.3733673095703125
7.371475696563721
7.381916522979736
7.379450798034668
7.391839981079102
7.3906569480896
7.402687072753906
7.414332866668701
7.410506725311279
7.41622257232666
7.421881198883057
7.430098056793213
7.427628517150879
7.428389072418213
7.438780784606934
7.439150333404541
7.446033954620361
7.463672161102295
7.4567413330078125
7.456627368927002
7.479034423828125
7.481326103210449
7.479663372039795
7.482302665710449
7.488646984100342
7.491642951965332
7.497157096862793
7.514559268951416
7.508352279663086
7.53328275680542
7.520397663116455
7.533890247344971
7.550375938415527
7.537362575531006
7.5536699295043945
7.542182922363281
7.55748987197876
7.572797775268555
7.575228691101074
7.580199241638184
7.594973087310791
7.592857837677002
7.600348949432373
7.608076572418213
7.608036041259766
7.608431339263916
7.612626075744629
7.617819309234619
7.622402667999268
7.628658771514893
7.645950794219971
7.645730018615723
7.649028778076172
7.655946731567383
7.671055793762207
7.674594402313232
7.686379909515381
7.685739040374756
7.691224098205566
7.697140693664551
7.702232360839844
7.707526206970215
7.717031955718994
7.729526996612549
7.730448246002197
7.743448734283447
7.739278316497803
7.751969337463379
7.760502338409424
7.775649070739746
7.775134086608887
7.785544395446777
7.784700870513916
7.7984619140625
7.799800395965576
7.8027753829956055
7.8122100830078125
7.825079917907715
7.818118572235107
7.839087963104248
7.838134288787842
7.85266637802124
7.85006046295166
7.856784820556641
7.881141662597656
7.875984191894531
7.8878021240234375
7.900252342224121
7.898654937744141
7.913974761962891
7.914238452911377
7.924734115600586
7.926387786865234
7.939245700836182
7.94078254699707
7.943227767944336
7.9637627601623535
7.9687066078186035
7.975302696228027
7.98096227645874
7.987125873565674
7.997696399688721
8.004605293273926
8.01978874206543
8.020587921142578
8.041800498962402
8.042328834533691
8.049386024475098
8.048476219177246
8.05940055847168
8.069816589355469
8.08251953125
8.08244514465332
8.098161697387695
8.10179328918457
8.120477676391602
8.125155448913574
8.120221138000488
8.138799667358398
7.545852184295654
7.530844211578369
7.5087785720825195
7.501321315765381
7.473945140838623
7.455343723297119
7.441035747528076
7.419215679168701
7.4000935554504395
7.385688781738281
7.384271621704102
7.351593971252441
7.335517406463623
7.3159332275390625
7.307452201843262
7.286473751068115
7.261679172515869
7.252344131469727
7.241618633270264
7.225536346435547
7.201358795166016
7.206923007965088
7.1823859214782715
7.15412712097168
7.157048225402832
7.1659088134765625
7.17435359954834
7.189591884613037
7.196805000305176
7.191765308380127
7.207318305969238
7.203798294067383
7.223513603210449
7.380590438842773
7.393186569213867
7.403347492218018
7.406590938568115
7.419453144073486
7.419205665588379
7.433065891265869
7.147405624389648
7.137136459350586
7.1230974197387695
7.121964931488037
7.114933967590332
7.101921081542969
7.109643936157227
7.102686405181885
7.092610836029053
7.089944362640381
7.099325656890869
7.116770267486572
7.1111860275268555
7.118612289428711
7.123882293701172
7.1373796463012695
7.154120445251465
7.445140361785889
7.457800388336182
8.715238571166992
8.719253540039062
8.733142852783203
8.742721557617188
8.744523048400879
8.768688201904297
8.780801773071289
8.780661582946777
8.795671463012695
8.817773818969727
8.827795028686523
8.834711074829102
8.842376708984375
8.864598274230957
8.875112533569336
8.878724098205566
8.897208213806152
8.90076732635498
8.910497665405273
8.92562484741211
8.9470853805542
8.949607849121094
8.96642017364502
8.96663761138916
8.998126029968262
8.99029541015625
9.009908676147461
9.026241302490234
9.026946067810059
9.05559253692627
9.056763648986816
9.084447860717773
9.082743644714355
9.102238655090332
9.107672691345215
9.13018798828125
9.138486862182617
9.149045944213867
9.162806510925293
9.17216968536377
9.190781593322754
9.201501846313477
9.215340614318848
9.224837303161621
9.247231483459473
9.25131893157959
9.273906707763672
9.289799690246582
9.299478530883789
9.315573692321777
9.328177452087402
9.32839298248291
9.359724044799805
9.369599342346191
9.374078750610352
9.392860412597656
9.408051490783691
9.420677185058594
9.434545516967773
9.457388877868652
9.46833324432373
9.486842155456543
9.492456436157227
9.508988380432129
9.519083976745605
9.54304313659668
9.560587882995605
9.56399154663086
9.575858116149902
9.587373733520508
9.574461936950684
9.542407989501953
9.546219825744629
9.560887336730957
9.578452110290527
9.597879409790039
9.59481430053711
9.630849838256836
9.636347770690918
9.652790069580078
9.771012306213379
9.773943901062012
9.803487777709961
9.80774211883545
9.831282615661621
9.856867790222168
9.86767292022705
9.882716178894043
9.898696899414062
3.8736515045166016
3.8607349395751953
3.838822603225708
3.8352203369140625
3.817958116531372
3.819871425628662
3.810961961746216
3.8154754638671875
3.810028553009033
3.8108770847320557
3.8091089725494385
3.79441499710083
3.8040506839752197
3.8006865978240967
3.796072244644165
3.7990829944610596
3.79927134513855
3.7956278324127197
3.793267011642456
3.800548791885376
3.806602716445923
3.806938648223877
3.801154613494873
3.7998759746551514
3.803388833999634
3.8156373500823975
3.8154537677764893
3.8320658206939697
3.8355095386505127
3.8406591415405273
3.84354567527771
3.8577282428741455
3.8697221279144287
10.49965763092041
10.53204345703125
10.533540725708008
10.562873840332031
10.581995964050293
10.597282409667969
10.617568016052246
10.628642082214355
10.655550956726074
10.688183784484863
10.701327323913574
10.73403263092041
10.741888046264648
10.771003723144531
10.802685737609863
10.81922721862793
10.821012496948242
10.857767105102539
10.87462043762207
10.889406204223633
10.906643867492676
10.935615539550781
10.952795028686523
10.971607208251953
11.013391494750977
11.028738021850586
11.050546646118164
11.07333755493164
11.090903282165527
11.111671447753906
11.129376411437988
11.156760215759277
11.172584533691406
11.189020156860352
3.9994354248046875
3.9923784732818604
3.9995429515838623
3.995349168777466
3.986612319946289
3.9834325313568115
3.9974896907806396
3.9991002082824707
4.026010036468506
3.9982008934020996
4.003948211669922
4.000183582305908
3.990349054336548
3.9856903553009033
3.988339900970459
3.9848175048828125
3.972245216369629
3.977285623550415
3.9609835147857666
3.963310956954956
3.94976544380188
3.9491426944732666
3.9381721019744873
3.9450111389160156
3.9437289237976074
3.931870460510254
3.9330923557281494
3.9246013164520264
3.925105571746826
3.918929100036621
3.9196977615356445
3.8956925868988037
3.912325859069824
3.8996171951293945
3.8967456817626953
3.893784284591675
3.8811516761779785
3.892533302307129
3.874925136566162
3.879479169845581
3.877549886703491
3.8664894104003906
3.857410430908203
3.8642566204071045
3.848217725753784
3.8574156761169434
3.853550434112549
3.844341278076172
3.8475406169891357
3.8359999656677246
3.8297789096832275
3.8261594772338867
3.8216512203216553
3.818622589111328
3.8226232528686523
3.8248958587646484
3.8004209995269775
3.79701566696167
3.792651891708374
3.799010992050171
3.794625997543335
3.7834064960479736
3.7867207527160645
3.7813735008239746
3.779172897338867
3.771289587020874
3.778191089630127
3.759097099304199
3.7588789463043213
3.762505531311035
3.7584431171417236
3.755175828933716
3.7576427459716797
3.7402658462524414
3.745490312576294
3.7421836853027344
3.739706516265869
3.730635166168213
3.7400872707366943
3.742974042892456
3.724933385848999
3.710143566131592
3.713134527206421
3.7139291763305664
3.7156543731689453
3.710886001586914
3.700169563293457
3.6989991664886475
3.7042505741119385
3.6982553005218506
3.6993257999420166
3.693244218826294
3.6796343326568604
3.6931238174438477
3.6734611988067627
3.6758055686950684
3.6713712215423584
3.6716742515563965
3.6629416942596436
3.6713321208953857
3.66591477394104
3.6466329097747803
3.6550662517547607
3.6557226181030273
3.6432723999023438
3.661357879638672
3.628772020339966
3.6318676471710205
3.645179271697998
3.624675989151001
3.6314151287078857
3.6269164085388184
3.6239562034606934
3.6199567317962646
3.615143299102783
3.6126351356506348
3.6089630126953125
3.6033737659454346
3.6095130443573
3.6030189990997314
3.601970911026001
3.595541000366211
3.5950894355773926
3.5890510082244873
3.590334892272949
3.5825247764587402
3.583390474319458
3.589348554611206
3.58581280708313
3.573901653289795
3.536935806274414
3.531658172607422
3.5171091556549072
3.5215258598327637
3.520899772644043
3.522280693054199
3.537827491760254
3.542398452758789
3.546978235244751
3.573735475540161
3.553685426712036
3.5561180114746094
3.5525574684143066
3.545210123062134
3.538282632827759
3.5444836616516113
3.5422258377075195
3.5398736000061035
3.532710075378418
3.538532257080078
3.5356969833374023
3.5289299488067627
3.5367321968078613
3.5258045196533203
3.5316202640533447
3.5174875259399414
3.5216362476348877
3.511145830154419
3.5144729614257812
3.5219006538391113
3.506383180618286
3.513582229614258
3.5085349082946777
3.500737428665161
3.4946413040161133
3.4946136474609375
3.4902565479278564
3.5024616718292236
3.4901070594787598
3.492521286010742
3.48272967338562
3.4911067485809326
3.482935667037964
3.477418899536133
3.4822652339935303
3.4817774295806885
3.4823670387268066
3.469003677368164
3.4724903106689453
3.474052906036377
3.4595742225646973
3.474040985107422
3.47225284576416
3.4621996879577637
3.454396963119507
3.453106641769409
3.44891619682312
3.4449899196624756
3.44960618019104
3.458735227584839
3.450728178024292
3.4382314682006836
3.4404730796813965
3.4372763633728027
3.4400248527526855
3.440051794052124
3.4595255851745605
3.4269816875457764
3.413245677947998
3.4205636978149414
3.4238741397857666
3.4222686290740967
3.4192817211151123
3.4073867797851562
3.419412612915039
3.404184579849243
3.3994641304016113
3.403827667236328
3.4067881107330322
3.398207664489746
3.401759147644043
3.402039051055908
3.3902945518493652
3.398867130279541
3.39522385597229
3.398993730545044
3.3826797008514404
3.397789716720581
3.378257989883423
3.3857009410858154
3.376659870147705
3.38061261177063
3.3810627460479736
3.3809080123901367
3.377847671508789
3.3603124618530273
3.366464138031006
3.3955507278442383
3.3877933025360107
3.365679979324341
3.3712658882141113
3.3750104904174805
3.375288248062134
3.3728079795837402
3.3682494163513184
3.371961832046509
3.360421657562256
3.3683745861053467
3.356281280517578
3.3684756755828857
3.3585588932037354
3.351982593536377
3.360844850540161
3.3588767051696777
3.3492958545684814
3.357187271118164
3.3456523418426514
3.346860408782959
3.3454182147979736
3.347851514816284
3.340812921524048
3.3507046699523926
3.3437702655792236
3.338322401046753
3.3434906005859375
3.3416941165924072
3.335320472717285
3.345311164855957
3.3587279319763184
3.329374313354492
3.3334200382232666
3.322003126144409
3.3310654163360596
3.32943058013916
3.329836368560791
3.323725938796997
3.3263700008392334
3.3250608444213867
3.3227779865264893
3.3206534385681152
3.3165524005889893
3.326594352722168
3.3141448497772217
3.313593626022339
3.3091418743133545
3.3145856857299805
3.3092846870422363
3.3145313262939453
3.3159372806549072
3.301506519317627
3.30196475982666
3.3067309856414795
3.2997281551361084
3.302006959915161
3.302851438522339
3.2945685386657715
3.2404634952545166
3.2410707473754883
3.244328737258911
3.2516117095947266
3.23836350440979
3.237583875656128
3.2567343711853027
3.2857823371887207
3.3229422569274902
3.3268957138061523
3.2730331420898438
3.2776060104370117
3.2811756134033203
3.2667951583862305
3.278028964996338
3.278263568878174
3.2760322093963623
3.2747223377227783
3.2678821086883545
3.27192759513855
3.270004987716675
3.270204544067383
3.2643487453460693
3.268343210220337
3.2691822052001953
3.256284236907959
3.261054754257202
3.25260591506958
3.2626140117645264
3.259636163711548
3.2573342323303223
3.267091989517212
3.263214588165283
3.2576982975006104
3.2541065216064453
3.259021282196045
3.258357524871826
3.267467737197876
3.2559735774993896
3.2515528202056885
3.26452374458313
3.2594265937805176
3.248784065246582
3.252981662750244
3.248434066772461
3.2484004497528076
3.2586026191711426
3.244309902191162
3.2477121353149414
3.2473862171173096
3.2431488037109375
3.2422404289245605
3.24019193649292
3.240135669708252
3.233386516571045
3.2464826107025146
3.2376656532287598
3.251504898071289
3.2363791465759277
3.241415500640869
3.2316300868988037
3.2428159713745117
3.2507712841033936
3.234027862548828
3.2377102375030518
3.232377290725708
3.239805221557617
3.229750394821167
3.2288358211517334
3.2334420680999756
3.2301907539367676
3.224304676055908
3.229860305786133
3.240679979324341
3.2620017528533936
3.2284812927246094
3.233613967895508
3.2314610481262207
3.2245402336120605
3.222832202911377
3.2280690670013428
3.229079484939575
3.223973512649536
3.229942798614502
3.2115488052368164
3.2244253158569336
3.229078531265259
3.2299282550811768
3.2293167114257812
3.222010850906372
3.23134183883667
3.228337526321411
3.2294716835021973
3.228231906890869
3.229959487915039
3.2325809001922607
3.22627854347229
3.2268993854522705
3.2237355709075928
3.2284204959869385
3.2325961589813232
3.2233784198760986
3.21905517578125
3.2352166175842285
3.2210047245025635
3.2280824184417725
3.2265443801879883
3.224490165710449
3.2662203311920166
3.6020121574401855
3.228989362716675
3.2267959117889404
3.2181763648986816
3.2218103408813477
3.22750186920166
3.224426031112671
3.231084108352661
3.2226383686065674
3.2186965942382812
3.2252795696258545
3.2252702713012695
3.227970838546753
3.219480276107788
3.2166926860809326
3.2165634632110596
3.2175254821777344
3.2142529487609863
3.230211019515991
3.2178075313568115
3.22601318359375
3.2216951847076416
3.214125871658325
3.2298405170440674
3.231313467025757
3.218320369720459
3.220698833465576
3.2228760719299316
3.221815586090088
3.225673198699951
3.223332166671753
3.228930950164795
3.232523202896118
3.3857808113098145
3.3811209201812744
3.2185113430023193
3.2136242389678955
3.223055601119995
3.2208642959594727
3.220546245574951
3.227808713912964
3.225025177001953
3.2258644104003906
3.224869728088379
3.2368688583374023
3.2230591773986816
3.223677635192871
3.225362539291382
3.220156192779541
3.2313849925994873
3.2175958156585693
3.2206649780273438
3.225395441055298
3.2303221225738525
3.2213351726531982
3.221510410308838
3.2168869972229004
3.2253568172454834
3.229969024658203
3.2299423217773438
3.2299160957336426
3.223193883895874
3.2274038791656494
3.2270429134368896
3.2270333766937256
3.2268497943878174
3.228532314300537
3.214264154434204
3.189286947250366
3.1825973987579346
3.1970877647399902
3.18658709526062
3.1939151287078857
3.209406614303589
3.3376240730285645
3.3359029293060303
3.2703301906585693
3.240241050720215
3.2465202808380127
3.247189521789551
3.2515978813171387
3.2563207149505615
3.2520461082458496
3.2542831897735596
3.2450356483459473
3.2479782104492188
3.264984607696533
3.2605605125427246
3.2525150775909424
3.254403591156006
3.255247116088867
3.25516676902771
3.251987934112549
3.258976697921753
3.254920482635498
3.254241466522217
3.251908779144287
3.2551920413970947
3.257528066635132
3.2589809894561768
3.2613651752471924
3.268712043762207
3.2558329105377197
3.2656264305114746
3.2607038021087646
3.2576794624328613
3.2627196311950684
3.26629376411438
3.2587599754333496
3.2650301456451416
3.269336223602295
3.259186029434204
3.259453773498535
3.2735188007354736
3.2687735557556152
3.274397373199463
3.2779440879821777
3.2712204456329346
3.2761244773864746
3.275301933288574
3.266986846923828
3.2820334434509277
3.275557041168213
3.2810189723968506
3.2790443897247314
3.286809206008911
3.2766411304473877
3.2776803970336914
3.2789735794067383
3.2818922996520996
3.2900755405426025
3.2807559967041016
3.281496524810791
3.2889585494995117
3.2924954891204834
3.284025192260742
3.2889328002929688
3.3033859729766846
3.289651393890381
3.2919843196868896
3.351196765899658
3.334815502166748
3.329590320587158
3.2899391651153564
3.2890892028808594
3.2906363010406494
3.29252552986145
3.2850213050842285
3.3018133640289307
3.294299840927124
3.3007264137268066
3.2921526432037354
3.297476053237915
3.3061563968658447
3.3023393154144287
3.2974655628204346
3.298882484436035
3.30102801322937
3.3120036125183105
3.3016979694366455
3.3074727058410645
3.3022987842559814
3.304734468460083
3.302436113357544
3.3107612133026123
3.3228094577789307
3.3164970874786377
3.3135766983032227
3.316344976425171
3.3224971294403076
3.3178796768188477
3.314542055130005
3.323042392730713
3.3223443031311035
3.33579421043396
3.3276636600494385
3.3373329639434814
3.3272030353546143
3.33282470703125
3.3385000228881836
3.324294090270996
3.3444812297821045
3.345276355743408
3.339613914489746
3.34696364402771
3.345618486404419
3.349924087524414
3.346754789352417
3.3542752265930176
3.361642599105835
3.3521032333374023
3.3569676876068115
3.3514440059661865
3.3707621097564697
3.3687942028045654
3.3592031002044678
3.3746414184570312
3.360182285308838
3.3698902130126953
3.362703323364258
3.376518726348877
3.368495225906372
3.3668713569641113
3.371385335922241
3.3715288639068604
3.3881497383117676
3.3812918663024902
3.3782236576080322
3.380156993865967
3.381032943725586
3.379885196685791
3.3860905170440674
3.388744831085205
3.3889338970184326
3.3972158432006836
3.4036965370178223
3.3900952339172363
3.394463300704956
3.3956732749938965
3.404172658920288
3.403369903564453
3.4029629230499268
3.4134652614593506
3.410536527633667
3.409956216812134
3.4150118827819824
3.419459819793701
3.4162237644195557
3.409072160720825
3.420531749725342
3.419964075088501
3.418004274368286
3.419037342071533
3.4198758602142334
3.4324393272399902
3.474041700363159
3.460179328918457
3.4449453353881836
3.4236252307891846
3.4057424068450928
3.3863656520843506
3.387871026992798
3.386068105697632
3.386521577835083
3.3815174102783203
3.399395227432251
3.3983213901519775
4.133171558380127
4.119253158569336
4.09549617767334
4.0820136070251465
4.060135364532471
4.06041955947876
4.048335552215576
4.027463912963867
4.015219211578369
3.990764617919922
3.9879138469696045
3.9523191452026367
3.9391376972198486
3.921149730682373
3.9009766578674316
3.899986505508423
3.869445323944092
3.859229564666748
3.8479831218719482
3.823739528656006
3.8230369091033936
3.8176302909851074
3.8059277534484863
3.7861175537109375
3.776069402694702
3.758061170578003
3.7385435104370117
3.7210004329681396
3.7042312622070312
3.6985058784484863
3.6890361309051514
3.6660783290863037
3.6577539443969727
3.636725664138794
3.619925022125244
3.6099438667297363
3.593400478363037
3.589766502380371
3.5791006088256836
3.560614585876465
3.5514392852783203
3.5382814407348633
3.5213558673858643
3.519294500350952
3.5049383640289307
3.4893572330474854
3.4777603149414062
3.4683496952056885
3.458474636077881
3.456378936767578
3.4270424842834473
3.4255053997039795
3.408780813217163
3.3927114009857178
3.3894853591918945
3.3739683628082275
3.366816282272339
3.3512303829193115
3.3484508991241455
3.329038381576538
3.3109898567199707
3.3090951442718506
3.3029112815856934
3.28281569480896
3.2908935546875
3.2702035903930664
3.249894618988037
3.248218059539795
3.231250524520874
3.2337405681610107
3.2100701332092285
3.2163283824920654
3.199423313140869
3.1855826377868652
3.1771740913391113
3.1735024452209473
3.159611701965332
3.1508543491363525
3.136491537094116
3.127345323562622
3.1197214126586914
3.111495018005371
3.1008787155151367
3.0842010974884033
3.0843493938446045
3.0725507736206055
3.0655357837677
3.047724962234497
3.038722038269043
3.041710615158081
3.0225186347961426
3.0255558490753174
3.0076959133148193
2.992738962173462
2.9972434043884277
2.983091115951538
2.977877140045166
2.9734184741973877
2.959130048751831
2.955310344696045
2.9479012489318848
2.9456229209899902
2.931887626647949
2.922060012817383
2.9120097160339355
2.893651247024536
2.902963161468506
2.8797404766082764
2.8794167041778564
2.8690083026885986
2.864931583404541
2.8663575649261475
2.8425636291503906
2.845567226409912
2.833932638168335
2.836613893508911
2.8175981044769287
2.8080320358276367
2.8073103427886963
2.8115921020507812
2.7774527072906494
2.780670166015625
2.7796146869659424
2.7662103176116943
2.7586512565612793
2.7556002140045166
2.747814655303955
2.746694326400757
2.7230846881866455
2.728449821472168
2.7278523445129395
2.718228340148926
2.71063232421875
2.6977310180664062
2.6953015327453613
2.6851983070373535
2.677926778793335
2.6708614826202393
2.6640357971191406
2.6730737686157227
2.648383855819702
2.6519739627838135
2.6377511024475098
2.6324188709259033
2.628586530685425
2.619906187057495
2.6172258853912354
2.6114656925201416
2.5996623039245605
2.5987308025360107
2.599980592727661
2.5907351970672607
2.5886614322662354
2.577760696411133
2.5677220821380615
2.5605337619781494
2.550499200820923
2.544044017791748
2.549551248550415
2.5395562648773193
2.53629732131958
2.5393950939178467
2.528326988220215
2.5135581493377686
2.502408027648926
2.5035383701324463
2.5038468837738037
2.5005946159362793
2.4887948036193848
2.4859726428985596
2.4764657020568848
2.463613748550415
2.469521999359131
2.463787078857422
2.4556241035461426
2.45015287399292
2.440382957458496
2.4412484169006348
2.4435298442840576
2.4199750423431396
2.4290857315063477
2.420413017272949
2.4215028285980225
2.404157876968384
2.4044718742370605
2.4010605812072754
2.388742446899414
2.384551763534546
2.3923990726470947
2.37821102142334
2.3772897720336914
2.3754730224609375
2.374955892562866
2.3580005168914795
2.363326072692871
2.360264301300049
2.3531601428985596
2.3421292304992676
2.3301384449005127
2.3348381519317627
2.3239386081695557
2.3308663368225098
2.3168749809265137
2.309361696243286
2.3167545795440674
2.3048486709594727
2.2982687950134277
2.2992334365844727
2.29072642326355
2.285250186920166
2.2850544452667236
2.284914255142212
2.275761365890503
2.2771060466766357
2.261176347732544
2.2631595134735107
2.258932113647461
2.2514960765838623
2.2542688846588135
2.25425386428833
2.2338883876800537
2.2283527851104736
2.23769474029541
2.2345149517059326
2.224838972091675
2.219451427459717
2.215956211090088
2.2135300636291504
2.2068772315979004
2.2031302452087402
2.2037417888641357
2.203174352645874
2.1992602348327637
2.1852762699127197
2.1960649490356445
2.1853559017181396
2.1772708892822266
2.16572904586792
2.1831490993499756
2.1707074642181396
2.1547553539276123
2.1544790267944336
2.1565849781036377
2.1468441486358643
2.1433942317962646
2.1339292526245117
2.139755964279175
2.1383306980133057
2.1378402709960938
2.1338958740234375
2.118382453918457
2.126737117767334
2.125441074371338
2.114755153656006
2.114769458770752
2.106074571609497
2.111372709274292
2.095675230026245
2.1048426628112793
2.089942693710327
2.093994617462158
2.088003158569336
2.081369400024414
2.0717782974243164
2.0735793113708496
2.079279661178589
2.060804843902588
2.062835931777954
2.0644431114196777
2.0614047050476074
2.0599820613861084
2.0466346740722656
2.0548572540283203
2.052009344100952
2.0498485565185547
2.0370543003082275
2.0338642597198486
2.034806489944458
2.038969039916992
2.0274717807769775
2.029909372329712
2.0250539779663086
2.0135257244110107
2.0178987979888916
2.0150277614593506
2.006511926651001
2.0118002891540527
2.00496506690979
2.002054452896118
1.9993703365325928
2.002671957015991
1.9993525743484497
1.9893255233764648
1.9859974384307861
1.982001543045044
1.986515760421753
1.9750263690948486
1.9805783033370972
1.9772297143936157
1.9738458395004272
1.9644534587860107
1.9665364027023315
1.967530369758606
1.954802393913269
1.9587346315383911
1.9478386640548706
1.941662073135376
1.9488857984542847
1.939635992050171
1.9288462400436401
1.9296094179153442
1.935672640800476
1.9406328201293945
1.940313696861267
1.9184893369674683
1.9269046783447266
1.9243189096450806
1.92998206615448
1.915042519569397
1.9083184003829956
1.9091883897781372
1.9088678359985352
1.9058135747909546
1.9065464735031128
1.8992633819580078
1.896416187286377
1.8982908725738525
1.8934056758880615
1.8975058794021606
1.8882702589035034
1.8849732875823975
1.8840665817260742
1.8783944845199585
1.8748629093170166
1.879408597946167
1.8772497177124023
1.87214994430542
1.8658769130706787
1.86806058883667
1.8718773126602173
1.8626528978347778
1.8653708696365356
1.8565815687179565
1.8565951585769653
1.854003667831421
1.8476684093475342
1.8557629585266113
1.8445508480072021
1.8431916236877441
1.8485966920852661
1.834566593170166
1.8365522623062134
1.8346047401428223
1.838605284690857
1.8366718292236328
1.8244894742965698
1.832522988319397
1.8274005651474
1.8221209049224854
1.8133080005645752
1.819490909576416
1.823989748954773
1.8166124820709229
1.8095943927764893
1.8082460165023804
1.8096011877059937
1.8046022653579712
1.80281662940979
1.8025814294815063
1.7993658781051636
1.7983496189117432
1.7961233854293823
1.792791485786438
1.7873274087905884
1.7870597839355469
1.7793439626693726
1.7800778150558472
1.7779752016067505
1.7946223020553589
1.7825100421905518
1.7795945405960083
1.7820320129394531
1.7703672647476196
1.7726691961288452
1.7646105289459229
1.7738232612609863
1.7608917951583862
1.761869192123413
1.763177752494812
1.7600429058074951
1.7555716037750244
1.7663499116897583
1.7593075037002563
1.7505614757537842
1.7501778602600098
1.744903326034546
1.750288724899292
1.7510037422180176
1.7433316707611084
1.7420907020568848
1.745556354522705
1.7407089471817017
1.735764741897583
1.7395788431167603
1.7367658615112305
1.733960509300232
1.7312670946121216
1.7178481817245483
1.7263675928115845
1.727418303489685
1.7184741497039795
1.7136646509170532
1.7179969549179077
1.7158092260360718
1.7240561246871948
1.7130564451217651
1.7071421146392822
1.6990056037902832
1.7094053030014038
1.7040923833847046
1.6971254348754883
1.6962603330612183
1.7065268754959106
1.691504955291748
1.6870160102844238
1.6941819190979004
1.6892772912979126
1.6930323839187622
1.6871919631958008
1.6865568161010742
1.692211389541626
1.6897543668746948
1.6845381259918213
1.6854327917099
1.6772822141647339
1.6804094314575195
1.6861556768417358
1.67249596118927
1.679489016532898
1.67362642288208
1.6770020723342896
1.6671730279922485
1.676897406578064
1.6713863611221313
1.6699893474578857
1.6597137451171875
1.6631499528884888
1.6692492961883545
1.659612774848938
1.652182698249817
1.6562418937683105
1.6576869487762451
1.6535224914550781
1.6544139385223389
1.6503931283950806
1.6480988264083862
1.6547964811325073
1.6503900289535522
1.6403673887252808
1.642256259918213
1.6427277326583862
1.6468297243118286
1.650529384613037
1.6426093578338623
1.6459505558013916
1.6351977586746216
1.63368558883667
1.6371604204177856
1.6286684274673462
1.6329057216644287
1.621156096458435
1.6256340742111206
1.628663182258606
1.6278338432312012
1.6269900798797607
1.623185634613037
1.6183490753173828
1.62750244140625
1.6279271841049194
1.6143943071365356
1.6179873943328857
1.6166704893112183
1.5981801748275757
1.610489010810852
1.6115367412567139
1.6054641008377075
1.6041218042373657
1.6080838441848755
1.6010662317276
1.6168161630630493
1.6054043769836426
1.605428695678711
1.606947422027588
1.606237530708313
1.6005992889404297
1.6085150241851807
1.5992023944854736
1.5969642400741577
1.5848519802093506
1.595735788345337
1.5873572826385498
1.580335021018982
1.5940430164337158
1.589732050895691
1.6003928184509277
1.5912872552871704
1.5821446180343628
1.5862599611282349
1.5828649997711182
1.5791312456130981
1.5731804370880127
1.582756519317627
1.5805816650390625
1.5758908987045288
1.5844773054122925
1.578052043914795
1.5788459777832031
1.5792802572250366
1.5757317543029785
1.5752513408660889
1.5792481899261475
1.5726943016052246
1.5652343034744263
1.5615538358688354
1.569629430770874
1.570141315460205
1.5667046308517456
1.5592873096466064
1.5551984310150146
1.558227300643921
1.5646449327468872
1.553414225578308
1.5605179071426392
1.5613458156585693
1.5542993545532227
1.548318862915039
1.5516036748886108
1.5594578981399536
1.5643564462661743
1.5604649782180786
1.5475709438323975
1.5474218130111694
1.554356336593628
1.5516844987869263
1.5473402738571167
1.546456217765808
1.5431159734725952
1.5471974611282349
1.5526597499847412
1.5418808460235596
1.5395841598510742
1.5427216291427612
1.5413070917129517
1.546112060546875
1.5338096618652344
1.5417124032974243
1.5370200872421265
1.5438423156738281
1.5257771015167236
1.546044111251831
1.5425293445587158
1.5407706499099731
1.5282578468322754
1.537422776222229
1.5387990474700928
1.5309847593307495
1.5336631536483765
1.5289322137832642
1.521654486656189
1.528993844985962
1.5254911184310913
1.5304003953933716
1.509108543395996
1.525822401046753
1.5213044881820679
1.5224186182022095
1.5162949562072754
1.51508629322052
1.5247491598129272
1.5131326913833618
1.5126969814300537
1.5165678262710571
1.5222547054290771
1.5267881155014038
1.5197513103485107
1.5096782445907593
1.5209418535232544
1.5068644285202026
1.5153485536575317
1.5180885791778564
1.510793685913086
1.5097051858901978
1.5081019401550293
1.5120339393615723
1.5129679441452026
1.4982572793960571
1.5136401653289795
1.503981113433838
1.5041691064834595
1.5047725439071655
1.50260329246521
1.499322772026062
1.5034878253936768
1.498647928237915
1.5031801462173462
1.4970489740371704
1.500099778175354
1.4948533773422241
1.4937398433685303
1.499418020248413
1.4991563558578491
1.5023900270462036
1.4888300895690918
1.4910662174224854
1.4980312585830688
1.4986698627471924
1.4980425834655762
1.4927337169647217
1.4917699098587036
1.497159719467163
1.4845575094223022
1.4877562522888184
1.4970014095306396
1.4916754961013794
1.4876036643981934
1.4866174459457397
1.4750103950500488
1.487805724143982
1.4934978485107422
1.4823920726776123
1.4855307340621948
1.4892202615737915
1.4858049154281616
1.4823274612426758
1.4952534437179565
1.4824275970458984
1.478933334350586
1.4867079257965088
1.475437045097351
1.4859637022018433
1.4812922477722168
1.4827356338500977
1.4753265380859375
1.4811362028121948
1.4836277961730957
1.4850643873214722
1.4862359762191772
1.4813340902328491
1.476274013519287
1.4791315793991089
1.4775466918945312
1.469087839126587
1.4800519943237305
1.477733850479126
1.4817641973495483
1.4734530448913574
1.475618839263916
1.4778921604156494
1.4646459817886353
1.4747053384780884
1.4712003469467163
1.4696604013442993
1.4713072776794434
1.4753437042236328
1.4684897661209106
1.4702266454696655
1.4764695167541504
1.4660587310791016
1.4679515361785889
1.4717135429382324
1.4658536911010742
1.4704066514968872
1.4661011695861816
1.4656189680099487
1.467335820198059
1.4684327840805054
1.4708107709884644
1.4730887413024902
1.4547687768936157
1.4650896787643433
1.4738162755966187
1.4637631177902222
1.4656866788864136
1.458866834640503
1.461742639541626
1.4716590642929077
1.4712375402450562
1.4593029022216797
1.4714299440383911
1.4709776639938354
1.463800311088562
1.4572713375091553
1.4578564167022705
1.4613209962844849
1.4658499956130981
1.4606870412826538
1.4644416570663452
1.4562231302261353
1.4586575031280518
1.4566375017166138
1.4556398391723633
1.4567731618881226
1.4587527513504028
1.4540871381759644
1.458216667175293
1.461430311203003
1.450736165046692
1.458881139755249
1.4564921855926514
1.4535956382751465
1.4619439840316772
1.4514501094818115
1.4551053047180176
1.4483461380004883
1.4567559957504272
1.4590359926223755
1.4558014869689941
1.4551111459732056
1.457357406616211
1.451015591621399
1.4686247110366821
1.456305742263794
1.4563060998916626
1.4570796489715576
1.4558225870132446
1.459760308265686
1.451635479927063
1.4490556716918945
1.4550479650497437
1.4471534490585327
1.4495749473571777
1.4495116472244263
1.4432259798049927
1.448299765586853
1.4649884700775146
1.451183795928955
1.453323245048523
1.4476641416549683
1.4546172618865967
1.4479187726974487
1.4518040418624878
1.448049545288086
1.4605779647827148
1.4541826248168945
1.4563249349594116
1.454780101776123
1.4420819282531738
1.4521952867507935
1.4534746408462524
1.4466488361358643
1.4513044357299805
1.450110673904419
1.4560974836349487
1.4492371082305908
1.4495561122894287
1.452653169631958
1.4591971635818481
1.4501843452453613
1.4511913061141968
1.4534159898757935
1.4514273405075073
1.4545272588729858
1.4496554136276245
1.460064172744751
1.452329158782959
1.4539440870285034
1.4438598155975342
1.4507665634155273
1.4543601274490356
1.4539494514465332
1.451241374015808
1.445971965789795
1.4484529495239258
