6.046175956726074
6.045046329498291
6.055044174194336
6.066974639892578
6.034419536590576
6.00603723526001
6.000972747802734
5.96744966506958
5.9329705238342285
5.902603626251221
5.862305164337158
5.85844087600708
5.827967166900635
5.784520626068115
5.756952285766602
5.691737174987793
5.685819149017334
5.653790473937988
5.626926898956299
5.600276470184326
5.574390888214111
5.566081523895264
5.563650131225586
5.530036926269531
5.5003204345703125
5.473998069763184
5.466209411621094
5.43892240524292
5.417905330657959
5.223660469055176
5.2187628746032715
5.2124104499816895
5.222435474395752
5.231547832489014
5.222289562225342
5.203009605407715
5.214232444763184
5.180829048156738
5.153130531311035
5.12380838394165
5.097156524658203
5.076747417449951
5.074777126312256
5.040431022644043
5.018644332885742
4.98544979095459
4.963395118713379
4.962408542633057
4.947103500366211
4.922766208648682
4.89616060256958
4.862286567687988
4.872886657714844
4.840419292449951
4.82643985748291
4.799031734466553
4.774845600128174
4.769165515899658
4.757035732269287
4.7488508224487305
4.714605331420898
4.697259902954102
4.6692938804626465
4.6756367683410645
4.662888526916504
4.6392388343811035
4.607216835021973
4.589682102203369
4.5922417640686035
4.560957431793213
4.542599201202393
4.523270130157471
4.405033588409424
4.3967108726501465
4.38977575302124
4.385019302368164
4.392319679260254
4.397084712982178
4.389624118804932
4.398472309112549
4.396090030670166
4.399635314941406
4.374953269958496
4.366737365722656
4.368127822875977
4.350876808166504
4.336820125579834
4.30841064453125
4.298993110656738
4.284051418304443
4.272894382476807
4.257087230682373
4.244375228881836
4.228631019592285
4.209451198577881
4.206409454345703
4.182308197021484
4.176056861877441
4.167956829071045
4.1421661376953125
4.126430988311768
4.132566928863525
4.110273838043213
4.093998432159424
4.048731803894043
4.041256427764893
4.025597095489502
4.020252704620361
4.013157367706299
4.002635478973389
3.9773831367492676
3.9820046424865723
3.9631166458129883
3.9565162658691406
3.9455697536468506
3.9295566082000732
3.9374806880950928
3.919151782989502
3.9079582691192627
3.9077906608581543
3.887800931930542
3.879181385040283
3.8598246574401855
3.8554511070251465
3.8378398418426514
3.8408477306365967
3.8211560249328613
3.8019027709960938
3.7952165603637695
3.78749418258667
3.7754359245300293
3.7788960933685303
3.752455711364746
3.753634214401245
3.736954689025879
3.7187023162841797
3.704572916030884
3.7074739933013916
3.5845627784729004
3.5768954753875732
3.5710084438323975
3.5650763511657715
3.568319320678711
3.573499917984009
3.564382553100586
3.587090015411377
3.582834243774414
3.577202320098877
3.584803342819214
3.5966849327087402
3.595735549926758
3.6003148555755615
3.5970687866210938
3.6113669872283936
3.6088809967041016
3.6149063110351562
3.612868070602417
3.617136001586914
3.6251957416534424
3.6183905601501465
3.6270110607147217
3.698979377746582
3.70281982421875
3.7087206840515137
3.7041990756988525
3.7033133506774902
3.70106840133667
3.7225263118743896
3.7291300296783447
3.722155809402466
3.73109769821167
3.7163190841674805
3.731520414352417
4.05610990524292
4.046287536621094
4.033257961273193
4.021602153778076
4.012933254241943
4.010205268859863
4.014072895050049
3.998314380645752
3.9696221351623535
3.9609792232513428
3.9565181732177734
3.941663980484009
3.927363634109497
3.919792890548706
3.9227330684661865
3.915964126586914
3.9044923782348633
3.8949434757232666
3.8849406242370605
3.868680953979492
3.8599822521209717
3.8540260791778564
3.8586935997009277
3.8390414714813232
3.834165096282959
3.834150791168213
3.842851161956787
3.847243070602417
3.84466552734375
3.856112003326416
3.8581340312957764
3.8566513061523438
3.8649981021881104
3.8714189529418945
3.88602614402771
3.8821113109588623
3.8847453594207764
3.8996095657348633
3.9038655757904053
3.899082899093628
3.912332773208618
3.9078962802886963
3.910513401031494
3.917353630065918
3.9187941551208496
3.9309768676757812
3.935401201248169
3.9386346340179443
3.9451282024383545
3.907228946685791
3.905785322189331
3.898397445678711
3.8791940212249756
3.897146701812744
3.901670455932617
3.9067299365997314
3.903595209121704
3.91414737701416
7.817266464233398
7.806931972503662
7.785383224487305
7.771229267120361
7.761259078979492
7.745967388153076
7.735369682312012
7.722839832305908
7.696777820587158
7.687671661376953
7.6817827224731445
7.654941558837891
7.63998556137085
7.61093807220459
7.603313446044922
7.587267875671387
7.515222072601318
7.4902191162109375
7.49489688873291
7.510053634643555
7.528268814086914
7.51407527923584
7.512848377227783
7.49807596206665
7.49201774597168
7.479618072509766
7.458176612854004
7.452516555786133
7.4305195808410645
7.420146942138672
7.402645111083984
7.39100456237793
7.369392395019531
7.355311393737793
7.34395170211792
7.329647541046143
7.318115234375
7.306839466094971
7.295098781585693
7.278216361999512
7.245352745056152
7.227079391479492
7.221616744995117
7.217012882232666
7.200679302215576
7.192097187042236
7.167645454406738
7.159719467163086
7.1473283767700195
7.1503705978393555
7.126724720001221
7.137206554412842
7.120441436767578
7.122560977935791
7.087021827697754
7.097451686859131
7.070590972900391
7.059106349945068
7.042889595031738
7.037470817565918
7.020832538604736
7.0125603675842285
6.998501300811768
6.99268913269043
6.9766435623168945
6.968106269836426
6.963465213775635
6.953971862792969
6.850922107696533
6.84478759765625
6.841440200805664
6.8462138175964355
6.877725124359131
6.853603839874268
6.8428425788879395
6.831867694854736
6.819674015045166
6.807023048400879
6.797880172729492
6.792642116546631
6.782344341278076
6.777792453765869
6.769354820251465
6.751349449157715
6.735470294952393
6.7257232666015625
6.723404884338379
6.703333854675293
6.701947212219238
6.683931827545166
6.679272174835205
6.663717269897461
6.664085865020752
6.654229164123535
6.6475830078125
6.6396284103393555
6.639089107513428
6.606007099151611
6.59604024887085
6.578680038452148
6.577073097229004
6.569063186645508
6.561710357666016
6.564010143280029
6.538766860961914
6.525496959686279
6.5319342613220215
6.51239538192749
6.51110315322876
6.497608184814453
6.494070529937744
6.476776599884033
6.465827941894531
6.464200973510742
6.456124305725098
6.440804958343506
6.435319900512695
6.432414531707764
6.424525737762451
6.401901721954346
6.409694671630859
6.384001731872559
6.377950668334961
6.359220027923584
6.349727630615234
6.356375217437744
6.345971584320068
6.333766460418701
6.334962368011475
6.318625450134277
6.315770149230957
6.243677139282227
6.2426838874816895
6.24014139175415
6.228109836578369
6.244307994842529
6.269302845001221
6.273576736450195
6.256676197052002
6.255664825439453
6.250924110412598
6.243679046630859
6.233404159545898
6.2092604637146
6.210570335388184
6.202711582183838
6.1970438957214355
6.193183422088623
6.18318510055542
6.161932468414307
6.164793968200684
6.156795501708984
6.158143043518066
6.139039516448975
6.136647701263428
6.128274440765381
6.1130852699279785
6.108149528503418
6.108016014099121
6.098047256469727
6.0895676612854
6.074554920196533
6.071519374847412
6.0693182945251465
6.061071395874023
6.062545299530029
6.038268566131592
6.028064727783203
6.0200934410095215
6.018154144287109
6.007667064666748
6.002480506896973
5.984311103820801
5.98096227645874
5.973980903625488
5.962019920349121
5.964608192443848
5.959793567657471
5.942986011505127
5.946747779846191
5.949014186859131
5.94260311126709
5.944950103759766
5.934838771820068
5.924570560455322
5.9115071296691895
5.905648708343506
5.907072067260742
5.896973133087158
5.889967918395996
5.880679130554199
5.875506401062012
5.868160724639893
5.858500003814697
5.8599443435668945
5.8501739501953125
5.835986614227295
5.835144996643066
5.830904483795166
5.823532581329346
5.82217264175415
5.817403793334961
5.802441120147705
5.802399635314941
5.796700477600098
5.793865203857422
5.782199382781982
5.77276086807251
5.764072895050049
5.763005256652832
5.696481704711914
5.686422348022461
5.689664363861084
5.71113920211792
5.7262282371521
5.724945545196533
5.749312877655029
5.753187656402588
5.773384094238281
5.7935662269592285
5.805055141448975
5.9126482009887695
6.126288890838623
6.116318225860596
6.109841346740723
6.09973669052124
6.094292163848877
6.0958452224731445
6.083168029785156
6.080005645751953
6.072981834411621
6.074164390563965
6.072242259979248
6.10325288772583
6.114835262298584
6.136237621307373
6.142968654632568
6.175123691558838
6.183568000793457
6.198657989501953
6.215141773223877
6.218393802642822
9.045045852661133
6.20540714263916
6.194341659545898
6.192139148712158
6.199366569519043
6.218226432800293
8.987676620483398
8.973786354064941
8.967528343200684
8.974184036254883
8.958891868591309
8.951290130615234
8.935491561889648
8.943829536437988
8.940690040588379
8.920951843261719
8.914231300354004
8.908509254455566
8.898443222045898
8.897115707397461
8.884383201599121
8.882939338684082
8.865697860717773
8.854513168334961
8.852937698364258
8.84230899810791
8.838494300842285
8.831789016723633
8.825226783752441
8.820152282714844
8.806371688842773
8.755242347717285
8.746891975402832
8.73686408996582
8.77445125579834
8.790118217468262
8.775299072265625
8.764802932739258
8.758066177368164
8.759099960327148
8.754511833190918
8.739469528198242
8.72983169555664
8.731180191040039
8.72615909576416
8.703069686889648
8.711645126342773
8.69948673248291
8.690279006958008
8.693531036376953
8.687240600585938
8.686619758605957
8.661954879760742
8.668333053588867
8.66794490814209
8.65098762512207
8.641532897949219
8.631677627563477
8.648943901062012
8.613934516906738
8.617452621459961
8.597559928894043
8.597708702087402
8.596683502197266
8.594038009643555
8.574816703796387
8.574518203735352
8.562957763671875
8.555269241333008
8.544343948364258
8.555194854736328
8.557861328125
8.550017356872559
8.535871505737305
8.534173965454102
8.527274131774902
8.527414321899414
8.516576766967773
8.513154983520508
8.50228214263916
8.493331909179688
8.506324768066406
8.483530044555664
8.48279857635498
8.472396850585938
8.476542472839355
8.464791297912598
8.470605850219727
8.452852249145508
8.45185375213623
8.441136360168457
8.439221382141113
8.43397331237793
8.36892032623291
8.361778259277344
8.370357513427734
8.390947341918945
7.680027961730957
7.680666446685791
7.670926570892334
7.666460037231445
7.671682357788086
7.664083480834961
7.65484619140625
7.648237228393555
7.655452251434326
7.648198127746582
7.6363911628723145
7.635673522949219
7.633177280426025
7.621917247772217
7.622831344604492
7.614587783813477
7.614565849304199
7.6085076332092285
7.601648330688477
7.594019412994385
7.593533992767334
7.590053558349609
7.590965270996094
7.5857319831848145
7.581792831420898
7.573489665985107
7.560245513916016
7.570352554321289
7.5657830238342285
7.554986953735352
7.551348686218262
7.55601167678833
7.542092800140381
7.531589031219482
7.5342698097229
7.528962135314941
7.526968479156494
7.532872676849365
7.522178649902344
7.544424533843994
7.572088241577148
7.610105037689209
7.9076032638549805
7.8960065841674805
7.888263702392578
7.889143466949463
7.8913750648498535
7.898710250854492
7.87970495223999
7.924456596374512
7.968104362487793
11.878721237182617
11.881342887878418
11.867486953735352
11.86355209350586
11.825014114379883
11.817421913146973
11.81617546081543
11.81254768371582
11.798177719116211
11.804601669311523
11.788366317749023
11.80160903930664
11.852112770080566
11.918008804321289
12.242019653320312
12.303925514221191
12.358231544494629
11.544825553894043
11.509418487548828
11.497048377990723
11.492696762084961
11.489799499511719
11.49860954284668
11.494634628295898
11.501510620117188
11.520816802978516
11.54914665222168
13.227084159851074
13.301544189453125
13.37913990020752
13.449600219726562
13.532074928283691
13.603642463684082
13.695076942443848
13.760636329650879
13.917088508605957
14.004663467407227
14.089475631713867
14.176136016845703
14.266217231750488
14.35362720489502
14.446449279785156
14.525264739990234
14.616400718688965
14.717763900756836
14.812806129455566
14.897407531738281
15.099567413330078
15.195775032043457
15.288455963134766
15.395289421081543
15.508907318115234
15.60958480834961
15.717906951904297
15.823179244995117
15.943937301635742
16.052343368530273
16.168787002563477
16.243894577026367
16.241729736328125
16.22372817993164
16.28939437866211
16.765153884887695
16.896432876586914
17.027597427368164
17.159025192260742
17.28999137878418
14.90949535369873
14.905558586120605
14.911918640136719
14.896488189697266
14.90204906463623
14.903318405151367
14.8871488571167
14.88254165649414
14.880154609680176
14.878045082092285
14.873466491699219
14.869439125061035
14.867002487182617
14.860516548156738
14.860227584838867
14.853556632995605
14.855247497558594
14.856189727783203
14.855299949645996
14.847763061523438
14.830897331237793
14.919427871704102
15.20569133758545
15.228286743164062
21.828081130981445
22.062255859375
22.290380477905273
22.525352478027344
22.77011489868164
23.032825469970703
23.278915405273438
23.54673194885254
23.813045501708984
24.080795288085938
24.368255615234375
24.660913467407227
24.95630645751953
24.967613220214844
25.029075622558594
25.896631240844727
22.338741302490234
22.32857894897461
22.325483322143555
22.31233024597168
22.30681800842285
22.29667091369629
22.310962677001953
22.302886962890625
22.292531967163086
22.291400909423828
22.281291961669922
22.28822898864746
22.274085998535156
22.27412986755371
22.270795822143555
22.642763137817383
22.450349807739258
22.421289443969727
22.404645919799805
22.409244537353516
22.434673309326172
inf
inf
inf
inf
inf
inf
inf
inf
inf
inf
inf
32.44845199584961
32.44507598876953
32.4454460144043
32.4342155456543
32.430213928222656
32.42793273925781
32.42719268798828
32.41807556152344
32.20757293701172
32.180606842041016
32.16856384277344
32.203739166259766
32.40160369873047
32.4123649597168
32.39261245727539
32.38664245605469
32.3889274597168
32.38730239868164
32.38641357421875
32.386573791503906
32.387088775634766
32.379173278808594
32.37660217285156
32.36848449707031
32.373558044433594
32.36503982543945
32.36873245239258
32.3790283203125
32.37173080444336
32.363861083984375
32.36669921875
32.36886215209961
32.35700225830078
32.35300064086914
32.354801177978516
32.35858154296875
32.3614387512207
32.3581657409668
32.355438232421875
32.36077117919922
32.35542678833008
32.35149002075195
32.34819030761719
32.34715270996094
32.35260009765625
32.340545654296875
32.34852600097656
32.35273361206055
32.35737991333008
32.34347915649414
32.35585403442383
32.34526824951172
32.349491119384766
32.34635925292969
32.35624694824219
32.355777740478516
32.34699630737305
32.351932525634766
32.353416442871094
32.349117279052734
32.34698486328125
32.355220794677734
32.355430603027344
32.3623046875
32.35089111328125
32.34899139404297
32.36432647705078
28.846511840820312
28.81563949584961
28.82746696472168
28.853736877441406
28.860713958740234
32.371131896972656
28.925024032592773
20.854883193969727
20.831348419189453
20.82254981994629
20.826120376586914
20.860685348510742
20.84745979309082
23.591259002685547
21.803781509399414
21.36384391784668
21.248212814331055
21.258438110351562
21.251924514770508
21.261241912841797
21.25933837890625
21.251750946044922
21.2639217376709
21.26401710510254
21.261646270751953
21.26616668701172
21.27241325378418
21.282733917236328
21.285181045532227
21.275571823120117
21.403844833374023
21.292682647705078
21.289356231689453
21.296674728393555
21.288856506347656
21.308208465576172
21.300092697143555
21.297504425048828
21.302339553833008
21.311874389648438
21.314151763916016
21.265172958374023
21.324012756347656
21.334993362426758
21.335840225219727
21.336774826049805
21.339109420776367
21.347030639648438
21.345867156982422
21.35365867614746
21.3594970703125
21.359594345092773
21.43775749206543
21.353755950927734
21.357393264770508
21.358150482177734
21.372966766357422
21.37101936340332
21.39049530029297
21.399110794067383
21.39705467224121
21.40493392944336
21.3911190032959
21.410015106201172
21.41600227355957
21.420215606689453
21.42875862121582
21.381694793701172
21.38187599182129
21.422494888305664
21.431150436401367
21.429622650146484
21.43461799621582
21.440643310546875
21.44308853149414
21.452102661132812
21.45555305480957
21.457046508789062
21.465545654296875
21.473365783691406
21.48147201538086
21.473291397094727
21.4959774017334
21.49856185913086
21.50518798828125
21.50940704345703
21.523662567138672
21.51108741760254
21.518356323242188
21.524520874023438
21.54204750061035
21.530990600585938
21.54785919189453
21.527021408081055
21.573448181152344
21.58173179626465
21.58112335205078
21.584993362426758
21.589763641357422
21.59836196899414
21.619129180908203
21.61317253112793
21.618253707885742
21.617216110229492
21.663888931274414
21.6330509185791
21.639633178710938
21.648935317993164
21.64371109008789
21.657512664794922
21.67283058166504
21.686614990234375
21.68291664123535
21.689096450805664
21.718536376953125
21.70879364013672
21.720012664794922
21.734434127807617
21.730497360229492
23.174196243286133
21.692508697509766
22.77202606201172
22.569732666015625
22.583627700805664
22.381776809692383
22.208311080932617
22.00462532043457
21.8284912109375
21.81804847717285
21.642772674560547
21.4612979888916
21.295974731445312
21.118043899536133
21.119613647460938
20.94473648071289
20.777311325073242
20.607200622558594
20.4538631439209
20.303529739379883
20.29542350769043
20.14344024658203
19.990755081176758
19.841995239257812
19.688745498657227
19.680438995361328
19.53908920288086
19.399503707885742
19.25304412841797
19.11569595336914
19.118438720703125
18.977176666259766
18.84688377380371
18.705121994018555
18.570114135742188
18.57574462890625
18.44588851928711
18.316137313842773
18.187986373901367
18.066579818725586
18.058561325073242
17.949459075927734
17.822999954223633
17.69678497314453
17.574726104736328
17.578462600708008
17.47079849243164
17.349599838256836
16.03716468811035
16.021690368652344
16.012407302856445
16.00391387939453
16.008955001831055
15.999112129211426
16.032827377319336
16.59370231628418
16.594797134399414
16.498085021972656
16.389469146728516
16.280780792236328
16.178632736206055
16.18402671813965
16.088958740234375
15.989619255065918
15.902417182922363
15.7982816696167
15.80380916595459
15.711516380310059
15.622772216796875
15.52703857421875
15.442124366760254
15.443522453308105
15.347174644470215
15.273566246032715
15.164471626281738
15.09852409362793
15.098262786865234
15.0031156539917
14.929316520690918
14.838808059692383
14.756214141845703
14.767712593078613
14.673751831054688
14.597747802734375
14.534541130065918
14.44265079498291
14.44189167022705
14.368781089782715
14.29185962677002
14.227502822875977
14.151761054992676
14.144533157348633
14.064605712890625
14.002974510192871
13.929877281188965
13.854120254516602
13.779608726501465
13.785989761352539
13.716102600097656
13.651355743408203
13.580070495605469
13.510799407958984
13.514084815979004
13.446615219116211
13.380232810974121
13.311869621276855
13.260087013244629
13.245325088500977
13.186280250549316
13.12973403930664
13.053284645080566
13.003073692321777
13.004079818725586
12.937138557434082
12.88475227355957
12.825176239013672
12.760101318359375
12.701326370239258
12.708512306213379
12.643860816955566
12.590649604797363
12.534293174743652
12.476373672485352
12.486793518066406
12.418033599853516
12.368788719177246
12.311952590942383
12.251848220825195
12.20788860321045
12.2009859085083
12.151108741760254
12.10375690460205
12.051003456115723
11.991281509399414
11.992708206176758
11.945401191711426
11.90194034576416
11.851005554199219
11.799005508422852
11.79946231842041
11.75102424621582
11.695755958557129
11.658385276794434
11.611581802368164
11.559765815734863
11.554071426391602
11.510354042053223
11.47038745880127
11.42958927154541
11.37362003326416
11.322159767150879
11.326817512512207
11.28231143951416
11.245121002197266
11.197545051574707
11.145947456359863
11.156179428100586
11.113012313842773
11.070643424987793
11.0270414352417
10.981656074523926
10.939352035522461
10.944230079650879
10.905689239501953
10.862483024597168
10.825478553771973
10.791484832763672
10.747601509094238
10.738972663879395
10.709476470947266
10.669302940368652
10.632118225097656
10.587796211242676
10.556774139404297
10.557198524475098
10.526556015014648
10.476226806640625
10.433409690856934
10.40821361541748
10.376354217529297
10.370786666870117
10.328246116638184
10.303499221801758
10.262927055358887
10.234628677368164
10.196264266967773
10.185738563537598
10.166748046875
10.132960319519043
10.085166931152344
10.065773963928223
10.022750854492188
10.028179168701172
9.991440773010254
9.957819938659668
9.936251640319824
9.900388717651367
9.868693351745605
9.838935852050781
9.831969261169434
9.805313110351562
9.768936157226562
9.742010116577148
9.7094144821167
9.682525634765625
9.648750305175781
9.649715423583984
9.630012512207031
9.597765922546387
9.551505088806152
9.53817367553711
9.50082015991211
9.498000144958496
9.485973358154297
9.444178581237793
9.424760818481445
9.393722534179688
9.358070373535156
9.331573486328125
9.299710273742676
9.317985534667969
9.271615982055664
9.259782791137695
9.238057136535645
9.206995010375977
9.179922103881836
9.141738891601562
9.14694595336914
9.129043579101562
9.099909782409668
9.078789710998535
9.047456741333008
9.026891708374023
8.99571704864502
8.976286888122559
8.978660583496094
8.944403648376465
8.922160148620605
8.905255317687988
8.877509117126465
8.866205215454102
8.836167335510254
8.803980827331543
8.810993194580078
8.786648750305176
8.770783424377441
8.74724006652832
8.723686218261719
8.691154479980469
8.669175148010254
8.648496627807617
8.655452728271484
8.627326965332031
8.603302001953125
8.58428955078125
8.55620002746582
8.542502403259277
8.531177520751953
8.502623558044434
8.482660293579102
8.473779678344727
8.463971138000488
8.44462776184082
8.411587715148926
8.398469924926758
8.37734317779541
8.355899810791016
8.331899642944336
8.319626808166504
8.303079605102539
8.297123908996582
8.277871131896973
8.2627534866333
8.23905086517334
8.219732284545898
8.205689430236816
8.192849159240723
8.16484260559082
8.14935302734375
8.125611305236816
8.118635177612305
8.111039161682129
8.095462799072266
8.08108901977539
8.058131217956543
8.045655250549316
8.028472900390625
8.010848045349121
7.983164310455322
7.979336738586426
7.953453540802002
7.9317145347595215
7.9185686111450195
7.906152725219727
7.88886833190918
7.886163234710693
7.879594802856445
7.852341651916504
7.836711406707764
7.816974639892578
7.81808614730835
7.798280239105225
7.770606994628906
7.757754325866699
7.7383623123168945
7.729808330535889
7.714308261871338
7.700658321380615
7.678788185119629
7.67283821105957
7.118206024169922
7.101095199584961
7.095340728759766
7.084372520446777
7.077452659606934
7.07020902633667
7.062569618225098
7.0535807609558105
7.060507297515869
7.0500407218933105
7.057517051696777
7.063549041748047
7.069644927978516
7.0726094245910645
7.076933860778809
7.0846266746521
7.103744029998779
7.130181312561035
7.416146278381348
7.399669170379639
7.38490629196167
7.375329971313477
7.360847473144531
7.349285125732422
7.341028690338135
7.318603992462158
7.307218074798584
7.3034210205078125
7.2814555168151855
7.260830879211426
7.254556655883789
7.24447774887085
7.244362831115723
7.220113277435303
7.21660852432251
7.202971935272217
7.196646213531494
7.171362400054932
7.166684150695801
7.149016380310059
7.142714023590088
7.128236770629883
7.119420051574707
7.111114025115967
7.095201015472412
7.088047504425049
7.067714691162109
7.060380458831787
7.043923854827881
7.041044235229492
7.028174877166748
7.009334087371826
7.000280380249023
6.996096611022949
6.98356294631958
6.97985315322876
6.964903831481934
6.957911968231201
6.94815731048584
6.946523666381836
6.924310684204102
6.9051313400268555
6.89917516708374
6.885468006134033
6.883486270904541
6.880909442901611
6.866630554199219
6.851043701171875
6.831309795379639
6.813168048858643
6.818657875061035
6.806979656219482
6.808980941772461
6.783285140991211
6.777668476104736
6.770647048950195
6.758754730224609
6.752618312835693
6.7360310554504395
6.726790904998779
6.725360870361328
6.726243495941162
6.695294380187988
6.698129177093506
6.680427074432373
6.662106037139893
6.664220809936523
6.651428699493408
6.648257732391357
6.630496501922607
6.629477024078369
6.620495319366455
6.605091571807861
6.591294288635254
6.591311454772949
6.576336860656738
6.581839561462402
6.563870429992676
6.554157257080078
6.540233612060547
6.530088901519775
6.525903701782227
6.515389442443848
6.503908634185791
6.495678901672363
6.481743812561035
6.474148750305176
6.478000164031982
6.472043514251709
6.458461284637451
6.442509651184082
6.433101654052734
6.427484512329102
6.420180797576904
6.422481536865234
6.403066635131836
6.397343158721924
6.385159969329834
6.385540008544922
6.370718955993652
6.35448694229126
6.359996318817139
6.3378424644470215
6.341540813446045
6.32789945602417
6.323345184326172
6.305896282196045
6.30775785446167
6.293578624725342
6.2885355949401855
6.2758331298828125
6.273626327514648
6.27817964553833
6.25448751449585
6.257256031036377
6.247127056121826
6.242035388946533
6.237518787384033
6.225187301635742
6.211725234985352
6.213622093200684
6.206060886383057
6.195656776428223
6.183318138122559
6.183564186096191
6.172152519226074
6.1707048416137695
6.160369873046875
6.147231578826904
6.1449360847473145
6.142269134521484
6.1240997314453125
6.118554592132568
6.121121883392334
6.098812580108643
6.101174831390381
6.1004462242126465
6.0843682289123535
6.07471227645874
6.0700459480285645
6.062698841094971
6.059231281280518
6.056000232696533
6.048452377319336
6.047628402709961
6.041764736175537
6.026254177093506
6.021810531616211
6.014777183532715
6.006827354431152
6.003516674041748
6.007551670074463
5.979549884796143
5.978944778442383
5.979783535003662
5.973865985870361
5.952907562255859
5.954094409942627
5.9574737548828125
5.932610511779785
5.938745975494385
5.937901973724365
5.920702934265137
5.9219770431518555
5.921888828277588
5.910191059112549
5.904821872711182
5.887608528137207
5.9015116691589355
5.87896203994751
5.886479377746582
5.877888202667236
5.8733930587768555
5.8662285804748535
5.86251163482666
5.844364643096924
5.847334861755371
5.839142799377441
5.834643840789795
5.820583343505859
5.821156024932861
5.80542516708374
5.813737869262695
5.811248779296875
5.792647838592529
5.789975643157959
5.789458274841309
5.781342506408691
5.775155067443848
5.770803928375244
5.771045207977295
5.75238037109375
5.757203578948975
5.755387306213379
5.741940021514893
5.737366676330566
5.742269039154053
5.728971481323242
5.722989082336426
5.714104652404785
5.701809406280518
5.713979721069336
5.705671310424805
5.694279670715332
5.698280334472656
5.688694000244141
5.67881965637207
5.679896354675293
5.672516345977783
5.672012805938721
5.661701679229736
5.658738136291504
5.655415058135986
5.634138584136963
5.638265132904053
5.6364006996154785
5.6434197425842285
5.628263473510742
5.622162342071533
5.612881660461426
5.606832504272461
5.6093292236328125
5.609323978424072
5.606942176818848
5.592642307281494
5.5881266593933105
5.59301233291626
5.587268829345703
5.569286346435547
5.575390815734863
5.575922012329102
5.56618070602417
5.558048248291016
5.549710750579834
5.549263954162598
5.539668083190918
5.547710418701172
5.5415472984313965
5.535053730010986
5.535029888153076
5.526845455169678
5.519581317901611
5.51414155960083
5.510920524597168
5.517326831817627
5.494513988494873
5.48584508895874
5.492361545562744
5.495294570922852
5.479931831359863
5.477296829223633
5.478183746337891
5.478075981140137
5.465211391448975
5.46718692779541
5.454626560211182
5.468665599822998
5.445115089416504
2.643101930618286
2.649268627166748
2.6546645164489746
2.6495490074157715
2.6491518020629883
2.6482930183410645
2.640362024307251
2.6500329971313477
2.643918752670288
2.6414880752563477
2.634927272796631
2.6287405490875244
2.6339616775512695
2.6294307708740234
2.623314619064331
2.627295732498169
2.6228883266448975
2.620209217071533
2.620716094970703
2.6294596195220947
2.61427903175354
2.6158246994018555
2.619560480117798
2.61423921585083
2.609048843383789
2.604753017425537
2.6075150966644287
2.6155483722686768
2.594865560531616
2.5991556644439697
2.594996213912964
2.6061887741088867
2.597066640853882
2.59015154838562
2.5960605144500732
2.586622953414917
2.5981733798980713
2.6090567111968994
2.620814561843872
2.6309382915496826
2.6402671337127686
2.642669200897217
2.6587185859680176
2.6604583263397217
2.6548140048980713
2.6521944999694824
2.663761615753174
2.6530253887176514
2.651193857192993
2.6444180011749268
2.6474733352661133
2.634307861328125
2.649933338165283
2.634634017944336
2.636235237121582
2.637483596801758
2.632697820663452
2.635227918624878
2.6369519233703613
2.6361613273620605
2.6292874813079834
2.62951922416687
2.629962682723999
2.630446195602417
2.6263816356658936
2.6162354946136475
2.6286439895629883
2.6161558628082275
2.6219799518585205
2.6185314655303955
2.616121292114258
2.6160778999328613
2.6118507385253906
2.6118850708007812
2.6111326217651367
2.61680006980896
2.6035351753234863
2.6049180030822754
2.607569932937622
2.6059415340423584
2.6030657291412354
2.600067615509033
2.60317325592041
2.5937979221343994
2.596705675125122
2.60336971282959
2.595021963119507
2.5969042778015137
2.587334156036377
2.5880484580993652
2.591944932937622
2.5953798294067383
2.587378978729248
2.594943046569824
2.593837261199951
2.5847675800323486
2.582869291305542
2.5876126289367676
2.5867059230804443
2.573279857635498
2.584620237350464
2.581584930419922
2.582916736602783
2.5737063884735107
2.56964373588562
2.57118821144104
2.576918125152588
2.568645715713501
2.5659615993499756
2.571467161178589
2.5704245567321777
2.5641112327575684
2.5682833194732666
2.5655059814453125
2.5578043460845947
2.5663528442382812
2.5659291744232178
2.5619335174560547
2.560373544692993
2.5578255653381348
2.555600643157959
2.558048725128174
2.560830593109131
2.5566229820251465
2.553163766860962
2.5575878620147705
2.546534776687622
2.5537376403808594
2.548879623413086
2.546438217163086
2.5475525856018066
2.5347602367401123
2.547513246536255
2.548874616622925
2.550002336502075
2.541630983352661
2.539137601852417
2.5419492721557617
2.5459673404693604
2.5479609966278076
2.534769058227539
2.5375821590423584
2.540287494659424
2.528620719909668
2.537655830383301
2.5309081077575684
2.5347235202789307
2.533674478530884
2.534238338470459
2.541539192199707
2.5291411876678467
2.520707845687866
2.5291635990142822
2.5256171226501465
2.526954174041748
2.5278234481811523
2.518989324569702
2.523618698120117
2.5202605724334717
2.5271782875061035
2.520125389099121
2.5266873836517334
2.515995502471924
2.51560378074646
2.5185768604278564
2.520415782928467
2.5122249126434326
2.519296407699585
2.513522148132324
2.5144200325012207
2.512586832046509
2.5099308490753174
2.512584686279297
2.5186691284179688
2.5210957527160645
2.5106375217437744
2.5203988552093506
2.5064902305603027
2.5021262168884277
2.5174314975738525
2.5124661922454834
2.5135626792907715
2.5169050693511963
2.5057525634765625
2.506645441055298
2.510460138320923
2.501603603363037
2.5031421184539795
2.5150201320648193
2.504204750061035
2.5070672035217285
2.5016448497772217
2.4976749420166016
2.4987382888793945
2.5107786655426025
2.5101566314697266
2.498173952102661
2.497553586959839
2.4950027465820312
2.509293556213379
2.498263120651245
2.4968667030334473
2.4980268478393555
2.505052328109741
2.492405891418457
2.4952824115753174
2.501197576522827
2.4979519844055176
2.488731622695923
2.496904134750366
2.501363754272461
2.4967291355133057
2.491091251373291
2.494062900543213
2.5021512508392334
2.4895288944244385
2.5013628005981445
2.4998855590820312
2.499403953552246
2.4908785820007324
2.4933247566223145
2.498729944229126
2.489157199859619
2.4825003147125244
2.4943785667419434
2.4929893016815186
2.483609199523926
2.490579843521118
2.492771625518799
2.484909772872925
2.4917590618133545
2.4879162311553955
2.490389823913574
2.4975969791412354
2.482264280319214
2.475037097930908
2.496229410171509
2.4876718521118164
2.484375238418579
2.489177942276001
2.487056016921997
2.487550735473633
2.4847571849823
2.483356475830078
2.484981060028076
2.4806864261627197
2.484412908554077
2.479057550430298
2.484799861907959
2.4837207794189453
2.483416795730591
2.487248182296753
2.487355947494507
2.4804911613464355
2.484762668609619
2.4841136932373047
2.486924171447754
2.4861440658569336
2.4773001670837402
2.4816458225250244
2.4777472019195557
2.4908132553100586
2.4832773208618164
2.4776065349578857
2.486320972442627
2.475207567214966
2.4773659706115723
2.4882283210754395
2.4835500717163086
2.477952718734741
2.4778313636779785
2.4840292930603027
2.4803929328918457
2.480513334274292
2.47552490234375
2.489434003829956
2.479130983352661
2.4855735301971436
2.4858217239379883
2.489211320877075
2.474754810333252
2.482440948486328
2.47072172164917
2.483079433441162
2.4795989990234375
2.491833209991455
2.4909887313842773
2.4831581115722656
2.4759538173675537
2.4754161834716797
2.482882499694824
2.4879000186920166
2.4773781299591064
2.479652166366577
2.482917547225952
2.481013774871826
2.4846043586730957
2.476081371307373
2.4868855476379395
2.482452630996704
2.488351821899414
2.486558198928833
2.4847638607025146
2.4798529148101807
2.4807074069976807
2.4794089794158936
2.481292724609375
2.4872336387634277
2.4771416187286377
2.4846627712249756
2.4883530139923096
2.4851436614990234
2.48785400390625
2.4852919578552246
2.487952709197998
2.4873924255371094
2.4914445877075195
2.4968457221984863
2.47983717918396
2.4921743869781494
2.4909133911132812
2.492623805999756
2.4860947132110596
2.4864025115966797
2.4956183433532715
2.4912259578704834
2.489734649658203
2.4941275119781494
2.4929468631744385
2.4879674911499023
2.486724376678467
2.495257616043091
2.4911839962005615
2.4946420192718506
2.49690842628479
2.4932141304016113
2.494760513305664
2.493905782699585
2.4976091384887695
2.490389823913574
2.494694948196411
2.4926159381866455
2.5022363662719727
2.502342939376831
2.4998819828033447
2.503948926925659
2.4931373596191406
2.5030834674835205
2.494490146636963
2.4946706295013428
2.502448081970215
2.4941306114196777
2.5051188468933105
2.5045676231384277
2.504718780517578
2.502469062805176
2.504384756088257
2.502495288848877
2.506307363510132
2.512618064880371
2.5009970664978027
2.508073091506958
2.5041632652282715
2.5049521923065186
2.5104763507843018
2.5089571475982666
2.503209114074707
2.50101900100708
2.5014705657958984
2.518312931060791
2.5146124362945557
2.5124759674072266
2.5156784057617188
2.509155750274658
2.5166194438934326
2.5145058631896973
2.5141496658325195
2.510427236557007
2.504833459854126
2.5130200386047363
2.520617723464966
2.514348268508911
2.5122334957122803
2.5224225521087646
2.5200061798095703
2.5112245082855225
2.5174825191497803
2.5139026641845703
2.5251026153564453
2.524135112762451
2.5172994136810303
2.5260984897613525
2.525726079940796
2.5231175422668457
2.526968002319336
2.5341663360595703
2.5335755348205566
2.5201354026794434
2.5317864418029785
2.5280752182006836
2.528123140335083
2.5314605236053467
2.5294718742370605
2.53658127784729
2.534349203109741
2.5386905670166016
2.5414199829101562
2.543687582015991
2.5363383293151855
2.5427868366241455
2.5401127338409424
2.547377109527588
2.539689302444458
2.541020631790161
2.5513999462127686
2.547821283340454
2.551162004470825
2.5466675758361816
2.5452754497528076
2.546449899673462
2.5543880462646484
2.548609495162964
2.553279399871826
2.5534780025482178
2.555886745452881
2.5464365482330322
2.558718681335449
2.558997869491577
2.5586254596710205
2.551362991333008
2.5562524795532227
2.5542783737182617
2.5589711666107178
2.562985420227051
2.566316604614258
2.5633883476257324
2.5557916164398193
2.5630815029144287
2.5612645149230957
2.5720551013946533
2.571916103363037
2.57234525680542
2.570589542388916
2.5734894275665283
2.5730130672454834
2.5773978233337402
2.5704541206359863
2.5865390300750732
2.583122491836548
2.5786688327789307
2.5737650394439697
2.5812580585479736
2.576632499694824
2.583038568496704
2.585974931716919
2.576375961303711
2.594198703765869
2.5948822498321533
2.587881088256836
2.5976622104644775
2.5946433544158936
2.580878973007202
2.5912797451019287
2.5877938270568848
2.599721908569336
2.596843957901001
2.593480348587036
2.610593795776367
2.6071226596832275
2.5937063694000244
2.6069862842559814
2.6044199466705322
2.608200788497925
2.6079115867614746
2.61344051361084
2.6148390769958496
2.6187753677368164
2.6176230907440186
2.6083791255950928
2.6192312240600586
2.6261208057403564
2.6185758113861084
2.6236960887908936
2.6168065071105957
2.6187145709991455
2.632039785385132
2.629040241241455
2.631807327270508
2.632563829421997
2.6340482234954834
2.630221128463745
2.6354851722717285
2.633826732635498
2.6448006629943848
2.638704299926758
2.6334896087646484
2.6458349227905273
2.6443746089935303
2.6423120498657227
2.6445584297180176
2.639996290206909
2.647226095199585
2.6476616859436035
2.6575121879577637
2.6589128971099854
2.652427911758423
2.6546647548675537
2.656662940979004
2.66200852394104
2.6582303047180176
2.6689980030059814
2.661424398422241
2.6687088012695312
2.672645330429077
2.6665070056915283
2.672907829284668
2.6820425987243652
2.675638198852539
2.684967279434204
2.6795907020568848
2.6703410148620605
2.683220386505127
2.6862032413482666
2.684185028076172
2.6899919509887695
2.6979877948760986
2.6923844814300537
2.69041109085083
2.6998023986816406
2.6929891109466553
2.6855404376983643
2.706538438796997
2.6959474086761475
2.7037975788116455
2.704702615737915
2.7030508518218994
2.7112762928009033
2.7041542530059814
2.7116076946258545
2.704277992248535
2.714224100112915
2.715808153152466
2.7212753295898438
2.7258505821228027
2.734720468521118
2.731097936630249
2.715925455093384
2.730365753173828
2.7231979370117188
2.7342898845672607
2.7358663082122803
2.7400686740875244
2.7405030727386475
2.7440502643585205
2.736377716064453
2.7486085891723633
2.752391815185547
2.748502731323242
2.7471044063568115
2.743500232696533
2.7583324909210205
2.75681734085083
2.7555031776428223
2.7518794536590576
2.7690536975860596
2.7646231651306152
2.762500047683716
2.7759652137756348
2.769944429397583
2.7712881565093994
2.7672436237335205
2.778360605239868
2.789470672607422
2.789619207382202
2.7887394428253174
2.783891439437866
2.7890329360961914
2.779172658920288
2.7896511554718018
2.789571762084961
2.791343927383423
2.8065454959869385
2.813610553741455
2.808598756790161
2.8145086765289307
2.8107995986938477
2.8131299018859863
2.824904441833496
2.817443370819092
2.819535970687866
2.8160855770111084
2.822223424911499
2.8290293216705322
2.8301987648010254
2.8204023838043213
2.8419158458709717
2.8276658058166504
2.8391318321228027
2.84546160697937
2.8458359241485596
2.845581531524658
2.8443658351898193
2.8561718463897705
2.857673406600952
2.8641297817230225
2.859757661819458
2.8608124256134033
2.8573319911956787
2.862799644470215
2.870396137237549
2.873000383377075
2.872476100921631
2.882925271987915
2.8828108310699463
2.883390426635742
2.8849706649780273
2.8907008171081543
2.894472360610962
2.8945860862731934
2.900139331817627
2.8920769691467285
2.901958703994751
2.9054994583129883
2.9149866104125977
2.905190944671631
2.9098005294799805
2.917750835418701
2.9126522541046143
2.9250035285949707
2.9225330352783203
2.925018072128296
2.929614782333374
2.941957950592041
2.940237045288086
2.933201789855957
2.9371585845947266
2.9423983097076416
2.9457943439483643
2.958007574081421
2.9500198364257812
2.9502482414245605
2.961784601211548
2.9641151428222656
2.9640073776245117
2.9587574005126953
2.974813938140869
2.9742143154144287
2.9688966274261475
2.9807844161987305
2.981517791748047
2.984152317047119
2.993351697921753
2.994344472885132
3.0008792877197266
3.002476453781128
3.011592149734497
2.999319076538086
3.002444267272949
3.0140445232391357
3.0109775066375732
3.0194475650787354
3.0206007957458496
3.0285661220550537
3.027822971343994
3.0327956676483154
3.0242247581481934
3.040534734725952
3.035668134689331
3.0424678325653076
3.0491368770599365
3.057157278060913
3.056736707687378
3.0616023540496826
3.074930191040039
3.0641961097717285
3.063990831375122
3.0738534927368164
3.081545352935791
3.084226131439209
3.082456111907959
3.0843234062194824
3.0884532928466797
3.109856128692627
3.1029038429260254
3.100076913833618
3.106917381286621
3.107300043106079
3.109520196914673
3.110281229019165
3.1141347885131836
3.1326236724853516
3.130183696746826
3.13393497467041
3.1388602256774902
3.1500747203826904
3.1451475620269775
3.1415960788726807
3.148197650909424
3.158933162689209
3.159123659133911
3.161834716796875
3.1701321601867676
3.1618759632110596
3.172830104827881
3.1740589141845703
3.1834633350372314
3.180753707885742
3.1905925273895264
3.2023003101348877
3.2084858417510986
3.199665069580078
3.2009408473968506
3.203979969024658
3.202404022216797
3.2183938026428223
3.2117512226104736
3.2294702529907227
3.2301392555236816
3.237126350402832
3.23913836479187
3.249089241027832
3.2515318393707275
3.246610403060913
3.2550954818725586
3.2606427669525146
3.2704546451568604
3.269839286804199
3.2731828689575195
3.2851834297180176
3.2763025760650635
3.2857863903045654
3.2880845069885254
3.292747735977173
3.298863649368286
3.309471607208252
3.3101956844329834
3.3072800636291504
3.3223624229431152
3.318049669265747
3.3286166191101074
3.3360822200775146
3.335344076156616
3.3462436199188232
3.3517606258392334
3.348863363265991
3.3608996868133545
3.3689587116241455
3.371840476989746
3.3736183643341064
3.386075735092163
3.387484550476074
3.390394926071167
3.394758462905884
3.403973340988159
3.401650905609131
3.4054598808288574
3.411219596862793
3.422037363052368
3.4211201667785645
3.4280781745910645
3.44057297706604
3.4386062622070312
3.4441261291503906
3.4621334075927734
3.4563775062561035
3.4556884765625
3.467689275741577
3.4635257720947266
3.4738597869873047
3.4787721633911133
3.4764344692230225
3.49644136428833
3.4948978424072266
3.5072968006134033
3.504912853240967
3.5162363052368164
3.514226198196411
3.515442132949829
3.535374402999878
3.5335781574249268
3.549160957336426
3.54954195022583
3.55513072013855
3.5517020225524902
3.5513155460357666
3.568763256072998
3.583122968673706
3.5842905044555664
3.5883028507232666
3.5971953868865967
3.601865530014038
3.6102864742279053
3.612950086593628
3.61649489402771
3.6177420616149902
3.6312952041625977
3.630702257156372
3.6400482654571533
3.6447513103485107
3.6451168060302734
3.6561760902404785
3.6607954502105713
3.679785966873169
3.675936460494995
3.6827774047851562
3.6991066932678223
3.698845863342285
3.7043473720550537
3.714548349380493
3.7133853435516357
3.725172996520996
3.725752830505371
3.7302284240722656
3.7520148754119873
3.7479488849639893
3.7646267414093018
3.766193151473999
3.764843463897705
3.7771904468536377
3.7870731353759766
3.7898311614990234
3.796438694000244
3.8120932579040527
3.816164970397949
3.8225340843200684
3.8253438472747803
3.8306708335876465
3.8275599479675293
3.8508808612823486
3.856837034225464
3.868814706802368
3.866943120956421
3.8720381259918213
3.8779447078704834
3.887809991836548
3.8876612186431885
3.916269540786743
3.909928321838379
3.921393871307373
3.927137851715088
3.9283668994903564
3.94101619720459
3.9417853355407715
3.964646339416504
3.9575564861297607
3.969982385635376
3.989912986755371
3.9824228286743164
3.9949283599853516
4.0031890869140625
4.018582820892334
4.012264728546143
4.029236316680908
4.044614791870117
4.048741817474365
4.054135322570801
4.064626693725586
4.06892728805542
4.0798869132995605
4.090447902679443
4.097984313964844
4.100130558013916
4.111312389373779
4.130747318267822
4.136706829071045
4.138807773590088
4.139678955078125
4.148504257202148
4.163017749786377
4.173353672027588
4.17178201675415
4.165412902832031
4.157120704650879
4.163008213043213
4.147298812866211
4.156619548797607
4.145541191101074
4.139647483825684
4.129144668579102
4.133377552032471
4.156620979309082
4.168654441833496
4.16696310043335
4.179511070251465
4.18801736831665
4.195505142211914
4.206234931945801
4.23103666305542
4.235589981079102
4.235825061798096
4.245776176452637
4.2601213455200195
4.266878604888916
4.4147562980651855
4.412291049957275
4.421781063079834
4.425461769104004
4.4373955726623535
4.448578834533691
4.462497711181641
4.482914447784424
4.4817585945129395
4.494531631469727
4.506241798400879
4.511525630950928
4.534017086029053
4.526462554931641
4.5475077629089355
4.5681023597717285
4.5736799240112305
4.576052188873291
4.597243785858154
4.603531360626221
4.608736038208008
4.642385959625244
4.63352108001709
4.6514081954956055
4.6670427322387695
4.6662917137146
4.675436019897461
4.697734832763672
4.709583282470703
4.723754405975342
4.7321929931640625
4.7435407638549805
4.757723808288574
4.767582893371582
4.779108047485352
4.806139945983887
4.812105655670166
4.827249526977539
4.830554485321045
4.837322235107422
4.857002258300781
4.865993499755859
4.8894147872924805
4.893307209014893
4.916611194610596
4.917969226837158
4.945237636566162
4.9451093673706055
4.961086273193359
4.973310947418213
4.998416423797607
5.000624656677246
5.027502059936523
5.022166728973389
5.049221992492676
5.057392120361328
5.083928108215332
5.079013824462891
5.110598087310791
5.1137919425964355
5.14028787612915
5.15570592880249
5.168762683868408
5.18070125579834
5.188490390777588
5.206342697143555
5.218070030212402
5.232897758483887
5.2537078857421875
5.264090061187744
5.285472869873047
5.283311367034912
5.317620277404785
5.336899280548096
5.348093509674072
5.368293285369873
5.375308990478516
5.386077404022217
5.413005352020264
5.435042381286621
5.4400763511657715
5.459889888763428
5.48254919052124
5.494421005249023
5.5145792961120605
5.516152381896973
5.546011447906494
5.567769527435303
5.577680587768555
5.599776268005371
5.607903480529785
5.643675804138184
5.651902198791504
5.674197673797607
5.686369895935059
5.713793754577637
5.720636367797852
5.747914791107178
5.765907287597656
5.789746284484863
5.80501127243042
5.826442241668701
5.836928844451904
5.8695783615112305
5.876590728759766
5.890564918518066
5.917969703674316
5.933199882507324
5.96540641784668
5.975438117980957
6.009737491607666
6.0280537605285645
6.051516056060791
6.070145130157471
6.075258731842041
6.108202934265137
6.131585597991943
6.167250633239746
6.181600093841553
6.211039066314697
6.212525844573975
6.23144006729126
6.265206813812256
6.037800312042236
6.01282262802124
5.993675231933594
5.992870330810547
5.967545509338379
5.9721550941467285
5.961922645568848
5.95556640625
5.9546308517456055
5.956325531005859
5.9484124183654785
5.962214469909668
5.955470561981201
5.958893299102783
5.957549571990967
5.962321758270264
5.977977275848389
5.981524467468262
5.994603633880615
5.992488384246826
6.00262975692749
6.038690567016602
6.850102424621582
6.871237277984619
6.890149116516113
6.937162399291992
6.946694374084473
6.9803314208984375
7.020599365234375
7.034127235412598
7.069141387939453
7.080142498016357
7.137559413909912
7.16674280166626
7.176174163818359
7.220381259918213
7.256579875946045
7.27367639541626
7.302279472351074
7.360764503479004
7.380292892456055
7.405594825744629
7.434928894042969
7.492255210876465
7.517771244049072
7.54858922958374
7.571067810058594
7.6313605308532715
7.65596866607666
7.690026760101318
7.710063934326172
7.780289173126221
7.799261093139648
7.840266227722168
7.856911659240723
7.892841815948486
7.953298568725586
7.989307403564453
8.017972946166992
8.052139282226562
8.08035659790039
8.122308731079102
8.130414009094238
8.12031078338623
8.109540939331055
8.105874061584473
8.11723804473877
8.144152641296387
8.185043334960938
8.22787857055664
8.502875328063965
8.536913871765137
8.623064994812012
8.653286933898926
8.69852352142334
8.731202125549316
8.777587890625
8.812921524047852
8.897261619567871
8.932378768920898
8.979188919067383
9.032236099243164
9.071163177490234
9.104825973510742
9.198538780212402
9.249465942382812
9.287347793579102
9.335278511047363
9.393109321594238
9.431775093078613
9.47336483001709
9.529912948608398
9.633447647094727
9.687627792358398
9.735260963439941
9.785188674926758
9.841790199279785
9.89138126373291
9.948089599609375
10.000712394714355
10.05993366241455
10.171605110168457
10.228948593139648
10.286284446716309
10.342047691345215
10.399576187133789
10.461991310119629
10.523392677307129
10.596969604492188
10.655452728271484
10.718692779541016
10.856155395507812
10.915600776672363
10.987308502197266
11.057694435119629
11.119950294494629
11.192808151245117
11.275223731994629
11.349587440490723
11.42530345916748
11.494527816772461
11.579741477966309
11.659708023071289
11.73198413848877
11.813005447387695
11.903183937072754
12.068906784057617
12.1590576171875
12.241124153137207
12.330275535583496
12.42245101928711
12.464737892150879
12.46685791015625
12.454727172851562
12.456820487976074
12.541499137878418
12.99969482421875
13.100863456726074
13.19700813293457
12.764719009399414
12.743412971496582
12.724234580993652
12.707826614379883
12.7060546875
12.71651840209961
12.710195541381836
12.731146812438965
12.733904838562012
12.756467819213867
14.482847213745117
14.611913681030273
14.744183540344238
14.879098892211914
15.027702331542969
15.163491249084473
15.307112693786621
15.45783805847168
15.602910041809082
15.760231971740723
15.913713455200195
16.079641342163086
16.239694595336914
16.40785026550293
16.575439453125
16.754276275634766
16.9315242767334
16.96817398071289
16.96978187561035
17.00457763671875
17.723386764526367
17.72391128540039
17.719886779785156
17.720684051513672
17.71430015563965
17.701330184936523
17.703969955444336
17.697551727294922
17.692270278930664
17.686979293823242
17.678232192993164
17.686342239379883
17.68386459350586
17.67280387878418
17.666038513183594
17.672523498535156
17.664634704589844
17.658912658691406
17.660139083862305
17.653108596801758
17.660991668701172
17.654644012451172
17.655763626098633
17.652347564697266
17.64735984802246
17.63893699645996
17.640995025634766
17.63579750061035
17.63961410522461
17.62654685974121
17.618343353271484
17.620038986206055
17.623733520507812
17.621356964111328
17.615217208862305
17.613265991210938
17.614513397216797
17.60630226135254
17.6098575592041
17.612661361694336
17.60399055480957
17.60405158996582
17.5960750579834
17.593570709228516
17.590089797973633
17.59021759033203
17.588319778442383
17.578516006469727
17.588985443115234
17.580747604370117
17.5820369720459
17.587505340576172
17.58460235595703
17.572711944580078
17.582033157348633
17.580745697021484
17.572887420654297
17.578746795654297
17.569534301757812
17.57668685913086
17.569026947021484
17.577436447143555
17.571657180786133
17.563072204589844
17.57112693786621
17.556947708129883
17.559778213500977
17.562763214111328
17.554800033569336
17.561012268066406
17.561580657958984
17.554344177246094
17.559415817260742
17.55562973022461
17.557355880737305
17.550090789794922
17.553415298461914
17.551176071166992
17.543399810791016
17.548782348632812
17.537118911743164
17.553813934326172
17.555273056030273
17.54843521118164
17.544382095336914
17.54794692993164
17.5509033203125
17.55365562438965
17.550920486450195
17.543319702148438
17.546497344970703
17.54815673828125
17.543970108032227
17.54254722595215
17.54869842529297
17.54681396484375
17.546621322631836
17.552474975585938
17.550254821777344
17.5589656829834
17.54920768737793
17.547645568847656
17.55229377746582
17.54537582397461
17.54364585876465
17.55887222290039
17.54981231689453
17.55740737915039
17.573862075805664
17.559043884277344
17.551074981689453
17.56756019592285
17.559751510620117
17.556692123413086
17.560871124267578
17.56114387512207
17.55704116821289
17.564790725708008
17.567995071411133
17.571704864501953
17.568111419677734
17.571334838867188
17.579151153564453
17.569355010986328
17.572019577026367
17.582115173339844
17.581497192382812
17.582447052001953
17.58122444152832
17.575401306152344
17.58023452758789
17.590044021606445
17.585742950439453
17.588958740234375
17.589651107788086
17.597896575927734
17.599327087402344
17.590845108032227
17.60794448852539
17.605173110961914
17.609830856323242
17.59943389892578
17.612262725830078
17.610172271728516
17.612625122070312
17.62602996826172
17.61883544921875
17.629404067993164
17.62816619873047
17.621984481811523
17.626890182495117
17.63133430480957
17.637088775634766
17.637859344482422
17.635074615478516
17.640548706054688
17.64693260192871
17.641002655029297
17.657011032104492
17.66254234313965
17.657407760620117
17.667591094970703
17.660511016845703
17.66579818725586
17.67737579345703
17.667692184448242
17.671899795532227
17.686697006225586
17.687292098999023
17.694271087646484
17.694379806518555
17.702911376953125
17.709630966186523
17.7028751373291
17.705570220947266
17.706851959228516
17.717815399169922
17.71221160888672
17.72661590576172
17.723302841186523
17.734905242919922
17.733230590820312
17.729297637939453
17.741697311401367
17.745935440063477
17.749189376831055
17.75425148010254
17.758617401123047
17.769311904907227
17.77077293395996
17.7756404876709
17.771831512451172
17.785049438476562
17.78472137451172
17.787826538085938
17.795961380004883
17.79084587097168
17.800270080566406
17.81098747253418
17.819276809692383
17.81200408935547
17.822811126708984
17.829113006591797
17.8387508392334
17.84396743774414
17.83724021911621
17.83704948425293
17.852176666259766
17.86186981201172
17.871967315673828
17.871061325073242
17.86861801147461
17.87510108947754
17.883121490478516
17.898170471191406
17.900663375854492
17.906301498413086
17.905057907104492
17.913524627685547
17.92852210998535
17.917877197265625
17.93145179748535
17.944019317626953
17.94553565979004
17.953109741210938
17.957067489624023
17.963666915893555
17.978666305541992
17.975048065185547
17.986980438232422
17.9906063079834
18.003385543823242
18.00587272644043
18.002668380737305
18.013521194458008
18.01576805114746
18.031871795654297
18.04109764099121
18.04026985168457
18.05112075805664
18.052209854125977
18.067874908447266
18.07037925720215
18.068618774414062
18.073715209960938
18.085960388183594
18.096834182739258
18.108875274658203
18.107763290405273
18.116121292114258
18.125244140625
8.360766410827637
8.339601516723633
8.313882827758789
8.312675476074219
8.30812931060791
8.30056381225586
8.29510498046875
8.300402641296387
8.292418479919434
8.296350479125977
8.301793098449707
8.304361343383789
8.329452514648438
8.319775581359863
8.34216594696045
18.01152801513672
18.002838134765625
18.00162124633789
18.012836456298828
18.028459548950195
18.299022674560547
18.300121307373047
8.162089347839355
8.160623550415039
8.10841178894043
8.070839881896973
8.075056076049805
8.07693862915039
8.085101127624512
8.092391967773438
8.086668968200684
7.811187267303467
7.7526774406433105
7.710826873779297
7.709163188934326
7.720524787902832
7.724716663360596
7.72069787979126
7.72462272644043
7.73164701461792
7.72830867767334
7.737203121185303
7.748256206512451
7.7428436279296875
7.739964962005615
7.748605251312256
7.762701034545898
7.768640041351318
7.764712810516357
7.782290935516357
7.778162956237793
7.78464412689209
7.785394191741943
7.790962219238281
7.792243480682373
7.801243305206299
7.806397438049316
7.80977201461792
7.815212726593018
7.816193103790283
7.811031341552734
7.824566841125488
7.8210225105285645
7.828489303588867
7.841282844543457
7.847937107086182
7.844621181488037
7.856890678405762
7.86000919342041
7.86281681060791
7.867030143737793
7.874971389770508
18.81324005126953
18.821208953857422
18.832557678222656
18.827930450439453
18.853015899658203
18.863689422607422
18.871736526489258
18.889238357543945
18.897968292236328
18.905344009399414
18.92218780517578
18.93343734741211
18.956310272216797
18.940263748168945
18.959550857543945
18.987619400024414
18.99320411682129
19.008716583251953
19.0234432220459
19.03410530090332
19.039264678955078
19.054033279418945
19.06639862060547
19.0880126953125
19.085670471191406
19.11266326904297
19.117685317993164
19.140588760375977
19.147592544555664
19.151721954345703
19.168012619018555
19.184833526611328
19.198413848876953
19.217811584472656
19.23297691345215
19.236675262451172
19.2521915435791
19.267393112182617
19.27754783630371
19.30585289001465
19.301780700683594
19.31475257873535
19.331684112548828
19.35444450378418
19.374116897583008
19.381277084350586
19.390806198120117
19.40316390991211
19.421146392822266
19.44350814819336
19.44397735595703
19.460079193115234
19.474937438964844
19.49321746826172
19.50690460205078
19.533889770507812
19.54338836669922
19.542335510253906
19.565353393554688
19.592721939086914
19.607023239135742
19.618972778320312
19.651477813720703
19.644615173339844
19.64739418029785
19.671823501586914
19.70062828063965
19.710494995117188
19.73257064819336
19.732770919799805
19.75384521484375
19.77759552001953
19.790910720825195
19.818206787109375
19.806665420532227
19.83006477355957
19.848217010498047
19.871963500976562
19.893789291381836
19.920461654663086
19.911083221435547
19.938888549804688
19.9438419342041
19.97351837158203
19.991512298583984
20.01044273376465
20.041385650634766
20.02855110168457
20.055917739868164
20.0831356048584
20.104263305664062
20.12370491027832
20.13736343383789
20.133886337280273
20.16171646118164
20.18748664855957
20.206783294677734
20.217124938964844
20.242860794067383
20.248044967651367
20.264911651611328
20.29331398010254
20.3070011138916
20.331554412841797
20.347164154052734
20.37017250061035
20.380905151367188
20.399662017822266
20.420333862304688
20.447017669677734
20.46573257446289
20.486827850341797
20.51131820678711
20.504335403442383
20.532508850097656
20.559099197387695
20.582992553710938
20.597177505493164
20.631603240966797
20.6207218170166
20.64635467529297
20.67879867553711
20.684993743896484
20.722063064575195
20.748727798461914
20.77518081665039
20.79771614074707
20.79159927368164
20.817968368530273
20.844783782958984
20.87158966064453
20.88621711730957
9.141825675964355
9.11905288696289
9.126996040344238
9.088617324829102
9.081486701965332
9.051841735839844
9.018057823181152
9.007007598876953
8.974363327026367
8.953097343444824
8.959843635559082
8.922645568847656
8.9031982421875
8.886455535888672
8.84573745727539
8.828474998474121
8.804133415222168
8.783337593078613
8.78564739227295
8.763721466064453
8.736083984375
8.722471237182617
8.699283599853516
8.676629066467285
8.65074634552002
8.630163192749023
8.607522964477539
8.60853385925293
8.58373737335205
8.565775871276855
8.5540189743042
8.521495819091797
8.509654998779297
8.52673053741455
8.517195701599121
8.534067153930664
8.5441312789917
8.543731689453125
8.549590110778809
8.572200775146484
8.580501556396484
9.215087890625
9.211331367492676
8.240044593811035
8.217485427856445
8.194666862487793
8.187605857849121
8.185567855834961
8.171065330505371
8.14428424835205
8.124956130981445
8.106706619262695
8.088644027709961
8.076033592224121
8.055267333984375
8.029601097106934
8.0141019821167
8.005791664123535
7.987337589263916
7.99155855178833
7.976510524749756
7.949164867401123
7.936435699462891
7.9027018547058105
7.897726058959961
7.893193244934082
7.87005090713501
7.85044527053833
7.841514587402344
7.818660259246826
7.7958149909973145
7.78183650970459
7.770470142364502
7.755249500274658
7.751199245452881
7.732471466064453
7.7091383934021
7.704925060272217
7.684120178222656
7.675023555755615
7.6582159996032715
7.64095401763916
7.647351264953613
7.639715671539307
7.65141487121582
7.660844326019287
7.680058479309082
7.695847988128662
7.70025110244751
7.70720911026001
7.719468116760254
8.303943634033203
8.292187690734863
8.276115417480469
8.261892318725586
8.250761032104492
8.241326332092285
8.226763725280762
8.209596633911133
8.204401016235352
8.186807632446289
8.1740140914917
8.148523330688477
8.145002365112305
8.127593994140625
8.116459846496582
8.091774940490723
8.08012580871582
8.073624610900879
8.052592277526855
8.044862747192383
8.02687931060791
8.020541191101074
8.004023551940918
7.988255977630615
7.9918599128723145
8.014883995056152
8.016974449157715
7.17932653427124
7.163042068481445
7.157102108001709
7.147130966186523
7.12708854675293
7.12053108215332
7.120636463165283
7.092201232910156
7.0801472663879395
7.084224224090576
7.062783241271973
7.049099445343018
7.040103912353516
7.028182029724121
7.020965099334717
6.99951696395874
6.997377872467041
6.9870100021362305
6.978364944458008
6.960634708404541
6.938875675201416
6.941288948059082
6.928945541381836
6.9045562744140625
6.905879974365234
6.895326614379883
6.891016483306885
6.878331184387207
6.855827808380127
6.856804847717285
6.840695381164551
6.841142177581787
6.823489189147949
6.817939758300781
6.795978546142578
6.793573379516602
6.777318954467773
6.778885364532471
6.76150369644165
6.7581000328063965
6.741619110107422
6.724210739135742
6.731497287750244
6.710284233093262
6.70449161529541
6.697653293609619
6.684072494506836
6.673817157745361
6.657985687255859
6.664984703063965
6.646615982055664
6.641932487487793
6.650467872619629
6.650985240936279
6.676907062530518
6.689749240875244
6.695662021636963
6.701263427734375
6.720963954925537
6.739999771118164
6.739992618560791
7.242870807647705
7.234811782836914
7.2231292724609375
7.223428726196289
7.2076215744018555
7.211531162261963
7.193952560424805
7.181120872497559
7.152270793914795
7.167477607727051
7.154077529907227
7.140632629394531
7.122352123260498
7.118643760681152
7.1060709953308105
7.102660179138184
7.100252151489258
7.090241432189941
7.075519561767578
7.070968151092529
7.066158294677734
7.045726299285889
7.048027992248535
7.0506157875061035
7.067141056060791
7.0861287117004395
7.09976863861084
7.102962970733643
7.123444080352783
7.127037048339844
7.651233196258545
7.6430864334106445
7.634255886077881
7.607488632202148
7.6113200187683105
7.595922946929932
7.595000267028809
7.585549831390381
7.567863464355469
7.5550947189331055
7.548699378967285
7.548860549926758
7.536079406738281
7.527065753936768
7.515542030334473
7.508906841278076
7.501294136047363
7.489688396453857
7.483065128326416
7.475072860717773
7.465469837188721
7.475841045379639
7.483572483062744
7.503066539764404
7.511374473571777
7.531212329864502
7.551399230957031
29.970848083496094
30.01669692993164
30.12886619567871
30.186077117919922
30.23567771911621
30.28603744506836
30.398487091064453
30.446866989135742
30.50137710571289
30.48025131225586
30.425010681152344
30.4005069732666
30.370954513549805
30.323972702026367
30.298044204711914
30.273595809936523
30.222976684570312
30.195606231689453
30.16750717163086
30.12813949584961
30.100767135620117
30.073455810546875
30.058021545410156
30.008895874023438
29.978036880493164
29.96116828918457
29.91864585876465
29.885648727416992
29.839948654174805
29.830211639404297
29.80372428894043
29.751893997192383
29.725502014160156
29.715543746948242
29.669116973876953
29.650102615356445
29.622684478759766
29.58562469482422
29.55924415588379
29.51496124267578
29.494340896606445
29.469972610473633
29.432636260986328
29.4173641204834
29.37680435180664
29.356794357299805
29.335676193237305
29.284385681152344
29.274211883544922
29.239397048950195
29.211322784423828
29.180030822753906
29.15799331665039
29.141721725463867
29.09682273864746
29.07896614074707
29.04863929748535
29.02480125427246
28.98244285583496
28.971572875976562
28.93533706665039
28.908756256103516
28.87714195251465
28.859561920166016
28.821266174316406
28.798025131225586
28.78325080871582
28.75632667541504
28.722379684448242
28.704715728759766
28.671058654785156
28.644577026367188
28.613698959350586
28.611915588378906
28.571062088012695
28.553863525390625
28.521520614624023
28.503971099853516
28.46839714050293
28.45387077331543
28.417285919189453
28.39133071899414
28.37432861328125
28.344066619873047
28.342803955078125
28.312578201293945
28.2926082611084
28.264822006225586
28.223922729492188
28.21879768371582
28.18386459350586
28.150449752807617
28.142948150634766
28.118640899658203
28.099323272705078
28.071353912353516
28.06690216064453
28.02136993408203
27.995121002197266
27.980377197265625
27.95188331604004
27.94414710998535
27.90462875366211
17.604589462280273
17.562597274780273
17.56818199157715
27.82354164123535
27.820466995239258
27.791162490844727
27.759305953979492
27.739017486572266
27.711423873901367
27.704713821411133
27.67354965209961
27.658491134643555
27.631563186645508
27.619747161865234
27.6088924407959
18.492450714111328
17.38270378112793
17.354530334472656
17.349153518676758
27.501911163330078
27.48436164855957
27.447776794433594
27.439022064208984
18.876768112182617
18.856103897094727
18.84084701538086
18.83794403076172
18.888391494750977
18.934703826904297
18.930553436279297
18.272781372070312
18.280292510986328
18.277099609375
18.296613693237305
18.871448516845703
18.706247329711914
16.88920021057129
16.881269454956055
16.862934112548828
16.86385154724121
16.94733428955078
18.91535758972168
18.957822799682617
17.400068283081055
17.385318756103516
17.370201110839844
17.353342056274414
17.384952545166016
17.433286666870117
3.337526559829712
3.3295087814331055
3.3279926776885986
3.33044171333313
3.323547124862671
3.3341403007507324
3.332397937774658
3.325206756591797
3.3280582427978516
3.328925609588623
3.3227415084838867
3.3132565021514893
3.315704584121704
3.3155031204223633
3.3083078861236572
3.3120248317718506
3.3113629817962646
3.3113958835601807
3.299818754196167
3.2995765209198
3.3089911937713623
3.3039329051971436
3.294015645980835
3.2838964462280273
3.297262191772461
3.310229778289795
3.341488838195801
3.341649293899536
3.3411169052124023
3.3321011066436768
3.3348348140716553
3.3321261405944824
3.3318800926208496
3.3327786922454834
3.3238766193389893
3.3284924030303955
3.3188624382019043
3.3190460205078125
3.324946403503418
3.323638916015625
3.3185408115386963
3.3173837661743164
3.315098524093628
3.318619966506958
3.3105599880218506
3.303157091140747
3.3034982681274414
3.318389415740967
3.3252551555633545
3.3478479385375977
3.3518881797790527
3.3634870052337646
3.395986318588257
3.4187960624694824
3.4293229579925537
3.4465243816375732
3.460432291030884
3.4783694744110107
3.4999327659606934
3.511070489883423
3.5307106971740723
3.5501160621643066
3.563462972640991
3.5833237171173096
3.6142709255218506
3.6688854694366455
3.684892177581787
3.6920645236968994
3.721672296524048
3.7309389114379883
3.767634391784668
3.8008530139923096
3.8080201148986816
3.784900188446045
3.8182854652404785
3.8325741291046143
3.8511598110198975
3.8666601181030273
3.9096028804779053
3.258932590484619
3.2513720989227295
3.2547996044158936
3.251657724380493
3.242393970489502
3.2516531944274902
3.2530179023742676
3.239328145980835
3.2353107929229736
3.24253249168396
3.243267297744751
3.240964889526367
3.2377398014068604
3.238105297088623
3.244889259338379
3.2329368591308594
3.2373135089874268
3.235818862915039
3.2328805923461914
3.229539394378662
3.230447292327881
3.231332778930664
3.2238454818725586
3.21693754196167
3.2162599563598633
3.2235093116760254
3.216839075088501
3.2204525470733643
3.2301511764526367
3.218416213989258
3.2238993644714355
3.1635477542877197
3.15863299369812
3.1627461910247803
3.1616761684417725
3.171725034713745
3.1654069423675537
3.1625852584838867
3.152190923690796
3.1539177894592285
3.1591877937316895
3.158186912536621
3.186148166656494
3.3461971282958984
3.3735527992248535
3.3905816078186035
3.424670457839966
3.4374372959136963
3.4683523178100586
3.4945781230926514
3.5251858234405518
3.553584575653076
3.5828559398651123
3.6224606037139893
3.649444818496704
3.680969715118408
3.7626261711120605
3.7966504096984863
3.833897113800049
3.8499460220336914
3.8852381706237793
3.9098122119903564
3.9488353729248047
3.993760585784912
4.0287556648254395
4.055610656738281
4.050027847290039
4.053999423980713
4.0593085289001465
4.076068878173828
4.3646392822265625
4.422013282775879
2.3484907150268555
2.3539810180664062
2.3532347679138184
2.3504631519317627
2.35813307762146
2.359039306640625
2.350719928741455
2.353672981262207
2.350111484527588
2.35577130317688
2.3496198654174805
2.3550899028778076
2.3481268882751465
2.3406431674957275
2.3538081645965576
2.3455543518066406
2.341374397277832
2.3473684787750244
2.344897508621216
2.341980218887329
2.355759859085083
2.3323700428009033
2.3459079265594482
2.3364014625549316
2.3475868701934814
2.3463544845581055
2.3389501571655273
2.3454742431640625
2.346039056777954
2.342034101486206
2.3471250534057617
2.3417246341705322
2.3433525562286377
2.337007999420166
2.34094500541687
2.364708423614502
2.4146599769592285
2.468184232711792
2.189310073852539
2.1715400218963623
2.161085844039917
2.153883457183838
2.1452677249908447
2.137545108795166
2.1306350231170654
2.130586624145508
2.1301496028900146
2.1180531978607178
2.124654531478882
2.1179966926574707
2.116314172744751
2.119398593902588
2.1180241107940674
2.1211769580841064
2.107374668121338
2.1112565994262695
2.1131625175476074
2.1016016006469727
2.11234712600708
2.101677656173706
2.1012606620788574
2.11092472076416
2.101006031036377
2.1048200130462646
2.1110103130340576
2.095418691635132
2.095674514770508
2.095311164855957
2.1069424152374268
2.109623908996582
2.104471206665039
2.1039600372314453
2.1098811626434326
2.0999550819396973
2.1072564125061035
2.1125733852386475
2.103973627090454
2.1082372665405273
2.111295223236084
2.1116180419921875
2.1084227561950684
2.114783763885498
2.119415044784546
2.1109352111816406
2.127621650695801
2.1212713718414307
2.126885414123535
2.1378653049468994
2.141143321990967
2.1455295085906982
2.1497879028320312
2.1501736640930176
2.1596579551696777
2.1591572761535645
2.175537586212158
2.196380138397217
2.4514689445495605
2.4516825675964355
2.45635986328125
2.451763153076172
2.4488484859466553
2.4475932121276855
2.3791701793670654
2.3270211219787598
2.3449084758758545
2.326610803604126
2.3249149322509766
2.335608720779419
2.3288609981536865
2.323826789855957
2.3256797790527344
2.3357667922973633
2.3299319744110107
2.3404369354248047
2.3209824562072754
2.324000597000122
2.3245394229888916
2.33945894241333
2.3310182094573975
2.328004837036133
2.324317693710327
2.321500539779663
2.320490598678589
2.3292438983917236
2.327735662460327
2.331965923309326
2.3268463611602783
2.33034086227417
2.3361246585845947
2.3314545154571533
2.3304977416992188
2.3245484828948975
2.342555046081543
2.3294074535369873
2.3274216651916504
2.3255672454833984
25.001855850219727
25.004993438720703
25.00874900817871
25.013174057006836
25.006999969482422
25.01473045349121
25.017419815063477
25.02189826965332
25.0195369720459
25.0203800201416
25.02365493774414
25.02672576904297
25.045520782470703
25.03827667236328
25.04262351989746
25.0421199798584
25.042715072631836
25.04766082763672
25.059696197509766
25.06035041809082
25.071767807006836
25.06960678100586
25.074003219604492
25.08042335510254
25.077720642089844
25.090917587280273
25.091524124145508
16.786548614501953
16.78582763671875
16.498577117919922
15.892800331115723
15.8955659866333
15.897149085998535
15.810665130615234
15.486356735229492
15.034801483154297
14.989717483520508
14.742204666137695
14.737465858459473
14.515389442443848
14.132814407348633
14.13785171508789
13.992239952087402
13.725805282592773
13.726251602172852
13.227060317993164
13.230422973632812
13.233658790588379
13.233575820922852
13.239104270935059
13.233460426330566
13.294806480407715
13.305964469909668
13.304189682006836
13.307623863220215
13.316211700439453
13.313636779785156
14.261104583740234
14.176814079284668
13.985828399658203
13.825809478759766
13.845293045043945
13.675414085388184
13.500410079956055
13.340892791748047
13.347955703735352
13.346028327941895
13.353226661682129
13.354584693908691
13.360471725463867
13.366599082946777
13.35754680633545
13.362804412841797
13.326217651367188
13.330636024475098
25.373342514038086
25.37776756286621
25.380151748657227
25.391990661621094
25.40659523010254
25.40454864501953
25.411462783813477
25.42898178100586
25.431442260742188
25.438146591186523
25.449522018432617
25.456756591796875
25.46135711669922
25.463455200195312
25.47808265686035
25.48063087463379
25.494909286499023
25.50433349609375
25.520626068115234
25.510343551635742
25.52400779724121
25.53696632385254
25.544843673706055
25.557493209838867
25.560598373413086
25.57773780822754
25.587066650390625
25.588321685791016
25.60672950744629
25.612016677856445
25.61392593383789
25.642963409423828
25.63255500793457
25.650564193725586
25.655099868774414
25.658981323242188
25.672677993774414
25.693639755249023
25.713247299194336
25.709062576293945
25.71322250366211
25.73486328125
25.7366943359375
25.748205184936523
25.766422271728516
25.760644912719727
25.781171798706055
25.79255485534668
25.807865142822266
6.902095794677734
6.903427600860596
6.903595924377441
6.911994457244873
6.901254177093506
6.851678371429443
6.857709884643555
6.803197860717773
6.761051177978516
6.703850746154785
6.661845684051514
6.662362575531006
6.60349702835083
6.567048072814941
6.518343925476074
6.480706691741943
6.4718146324157715
6.436792373657227
6.399367332458496
6.344913005828857
6.3156232833862305
6.308608055114746
6.272910118103027
6.221989154815674
6.055647850036621
6.052260398864746
6.038055419921875
